2 0.664814 0.326197 0.081432 0.103063
3 0.582186 0.326913 0.082788 0.105510
2 0.501644 0.324701 0.078498 0.102071
3 0.423980 0.324952 0.075951 0.101306
2 0.343298 0.323400 0.081024 0.100709
3 0.259074 0.323281 0.072147 0.099965
2 0.181106 0.321049 0.085422 0.105579
2 0.099905 0.321973 0.082562 0.106917
1 0.775188 0.650116 0.308774 0.098650
2 0.356316 0.650428 0.084960 0.096659
2 0.280337 0.650488 0.076813 0.095550
2 0.204322 0.648537 0.082270 0.096429
3 0.124894 0.645752 0.078098 0.094142
2 0.051349 0.645582 0.081628 0.095580
