4 0.586152 0.510848 0.035383 0.026453
4 0.540937 0.499406 0.028060 0.026868
4 0.495770 0.488193 0.024610 0.024680
4 0.452271 0.476607 0.024577 0.023572
4 0.409623 0.465994 0.025175 0.023638
8 0.395139 0.514166 0.061385 0.049609
8 0.444162 0.526922 0.065320 0.050833
5 0.522921 0.540684 0.041561 0.019214
5 0.517162 0.558853 0.040338 0.020215
1 0.607721 0.440555 0.072764 0.043406
2 0.411350 0.394814 0.025579 0.030816
2 0.571746 0.431892 0.031896 0.037714
2 0.556383 0.428846 0.028276 0.035784
2 0.543062 0.426394 0.028370 0.035016
2 0.529286 0.422554 0.029046 0.035440
2 0.515842 0.419218 0.027845 0.035185
2 0.501854 0.417119 0.027142 0.033989
2 0.488446 0.413004 0.028046 0.034618
2 0.475507 0.410278 0.027392 0.034005
2 0.461756 0.406729 0.029180 0.034294
2 0.448626 0.404088 0.027640 0.033440
2 0.436693 0.400438 0.028370 0.032510
2 0.423089 0.397578 0.028066 0.033659
9 0.598555 0.377574 0.017086 0.013122
9 0.566904 0.370439 0.017171 0.012393
9 0.536123 0.364135 0.017161 0.012797
9 0.505956 0.358166 0.016397 0.012937
9 0.476799 0.351466 0.014003 0.012616
