2 0.650330 0.310524 0.081786 0.110126
3 0.568029 0.311322 0.082752 0.112235
2 0.488416 0.309008 0.078122 0.108096
3 0.412385 0.309312 0.075287 0.106830
2 0.334016 0.307723 0.079851 0.105748
3 0.252967 0.307643 0.070945 0.104480
2 0.178525 0.305364 0.083387 0.109919
2 0.101759 0.306379 0.080335 0.110826
1 0.772714 0.657397 0.311579 0.110798
2 0.358332 0.649767 0.083367 0.102157
2 0.285323 0.648472 0.075161 0.100448
2 0.212810 0.645127 0.080033 0.101041
3 0.137625 0.640880 0.075676 0.098185
2 0.068665 0.639458 0.078686 0.099336
