8 0.649643 0.655692 0.106465 0.076082
8 0.565685 0.670666 0.101992 0.074019
5 0.445802 0.676162 0.074967 0.030769
5 0.453726 0.701369 0.073177 0.031805
4 0.364674 0.619572 0.069564 0.047413
4 0.429758 0.612522 0.064163 0.045646
4 0.491496 0.604569 0.059409 0.043773
4 0.551133 0.596567 0.060430 0.043780
4 0.609610 0.587579 0.060877 0.043625
2 0.293077 0.540560 0.040714 0.043969
2 0.314914 0.537121 0.042183 0.047389
3 0.375098 0.529401 0.042270 0.046885
3 0.433331 0.522334 0.042775 0.044824
2 0.530946 0.511201 0.042311 0.042920
2 0.334214 0.535142 0.041603 0.044417
2 0.354402 0.532449 0.043147 0.046486
2 0.395970 0.527816 0.042900 0.044861
2 0.415011 0.524610 0.040680 0.041160
2 0.454434 0.520067 0.041558 0.043634
2 0.474519 0.518065 0.038641 0.042830
2 0.492268 0.515254 0.040870 0.041327
2 0.512255 0.513708 0.039418 0.041928
3 0.603428 0.501722 0.033617 0.037596
