8 0.645773 0.618530 0.134484 0.096777
8 0.538469 0.629479 0.126944 0.093743
5 0.387651 0.624690 0.092255 0.038310
5 0.396521 0.657437 0.090225 0.039814
4 0.289832 0.545926 0.083378 0.058677
4 0.370276 0.542970 0.077695 0.056750
4 0.447263 0.538549 0.072660 0.054644
4 0.522239 0.533844 0.074708 0.054834
4 0.596347 0.527748 0.076044 0.054813
2 0.206282 0.441634 0.047181 0.053854
2 0.232890 0.439191 0.049004 0.058134
3 0.306500 0.434583 0.049720 0.057709
3 0.378245 0.430589 0.051002 0.055332
2 0.499689 0.424722 0.051464 0.053276
2 0.256408 0.438325 0.048624 0.054526
2 0.281109 0.436657 0.050607 0.057137
2 0.332115 0.434329 0.050788 0.055262
2 0.355608 0.431906 0.048392 0.050736
2 0.404362 0.429499 0.049751 0.053933
2 0.429275 0.428654 0.046357 0.053032
2 0.451393 0.426604 0.049346 0.051176
2 0.476295 0.426317 0.047706 0.052013
3 0.590874 0.418786 0.041364 0.046908
