2 0.322765 0.304637 0.075503 0.101452
3 0.400674 0.305502 0.077912 0.104137
2 0.476957 0.303439 0.074944 0.100942
3 0.550871 0.303819 0.073568 0.100426
2 0.628022 0.302414 0.079502 0.100048
3 0.708929 0.302435 0.072103 0.099562
2 0.784210 0.300366 0.086169 0.105366
2 0.863023 0.301434 0.084658 0.106987
1 0.212892 0.632394 0.297066 0.105382
2 0.621334 0.637585 0.085740 0.102917
2 0.696593 0.638566 0.078733 0.101930
2 0.772233 0.637436 0.085267 0.103119
3 0.851550 0.635431 0.082134 0.100855
2 0.925459 0.636162 0.086811 0.102658
