2 0.715550 0.306237 0.104035 0.118941
3 0.634111 0.301389 0.106068 0.121746
2 0.555403 0.293451 0.101165 0.117680
3 0.478935 0.288425 0.098598 0.116682
2 0.399911 0.281205 0.103563 0.116383
3 0.317053 0.275321 0.094782 0.114976
2 0.240835 0.267538 0.109295 0.122074
2 0.160677 0.263011 0.106933 0.123373
1 0.748693 0.672316 0.327705 0.130499
2 0.334862 0.644112 0.107015 0.113121
2 0.259744 0.638994 0.098813 0.111350
2 0.185060 0.631638 0.104522 0.112709
3 0.107199 0.623120 0.099958 0.109893
2 0.043230 0.617912 0.086459 0.111746
