4 0.558776 0.493057 0.033658 0.024070
4 0.513530 0.485033 0.026387 0.024708
4 0.468371 0.477225 0.023066 0.022724
4 0.424833 0.468962 0.023065 0.021655
4 0.382227 0.461574 0.023629 0.021686
8 0.371955 0.508330 0.058048 0.045335
8 0.421005 0.517372 0.061925 0.046401
5 0.499292 0.525470 0.040086 0.016977
5 0.495148 0.543144 0.038839 0.018002
1 0.574047 0.424861 0.069684 0.038796
2 0.378158 0.393866 0.023640 0.028435
2 0.538104 0.418901 0.029634 0.034832
2 0.522815 0.416981 0.026148 0.033117
2 0.509576 0.415496 0.026268 0.032378
2 0.495780 0.412723 0.026905 0.032753
2 0.482351 0.410408 0.025724 0.032549
2 0.468492 0.409301 0.025081 0.031431
2 0.455038 0.406245 0.025931 0.031993
2 0.442158 0.404477 0.025309 0.031428
2 0.428419 0.401980 0.027046 0.031634
2 0.415362 0.400305 0.025562 0.030872
2 0.403395 0.397598 0.026319 0.029954
2 0.389860 0.395746 0.025955 0.031057
9 0.559819 0.365633 0.016207 0.011862
9 0.528271 0.360873 0.016316 0.011161
9 0.497651 0.356849 0.016278 0.011542
9 0.467667 0.353103 0.015510 0.011701
9 0.438618 0.348602 0.013161 0.011482
