8 0.391297 0.671920 0.102555 0.076320
8 0.472314 0.679462 0.097180 0.073635
5 0.585844 0.674545 0.070345 0.030410
5 0.578337 0.699838 0.068616 0.031383
4 0.661978 0.612386 0.065007 0.046673
4 0.601217 0.610706 0.060456 0.045194
4 0.542926 0.607841 0.056409 0.043584
4 0.485986 0.604723 0.057805 0.043836
4 0.429537 0.600489 0.058670 0.043927
2 0.729303 0.529152 0.038191 0.043423
2 0.709134 0.527366 0.039678 0.046901
3 0.653105 0.524162 0.039976 0.046658
3 0.598305 0.521434 0.040662 0.044841
2 0.505144 0.517514 0.040613 0.043318
2 0.691226 0.526837 0.039173 0.044031
2 0.672436 0.525659 0.040711 0.046169
2 0.633521 0.524134 0.040629 0.044720
2 0.615606 0.522353 0.038592 0.041103
2 0.578304 0.520733 0.039587 0.043733
2 0.559199 0.520219 0.036884 0.043009
2 0.542254 0.518718 0.039077 0.041565
2 0.523112 0.518649 0.037761 0.042246
3 0.434892 0.513328 0.032483 0.038211
