4 0.436503 0.510876 0.034904 0.025438
4 0.482661 0.503776 0.027594 0.025920
4 0.528712 0.496900 0.024195 0.023818
4 0.573129 0.489517 0.024185 0.022734
4 0.616562 0.483008 0.024786 0.022787
8 0.625016 0.531059 0.060431 0.047616
8 0.575109 0.539086 0.064319 0.048775
5 0.495639 0.545471 0.041113 0.018268
5 0.499196 0.563590 0.039856 0.019243
1 0.423241 0.440403 0.072129 0.041696
2 0.623513 0.413485 0.025164 0.029896
2 0.460010 0.435186 0.031317 0.036603
2 0.475629 0.433599 0.027732 0.034751
2 0.489146 0.432408 0.027843 0.033994
2 0.503276 0.429903 0.028519 0.034401
2 0.517014 0.427860 0.027329 0.034164
2 0.531142 0.427075 0.026648 0.032996
2 0.544932 0.424269 0.027549 0.033602
2 0.558087 0.422777 0.026910 0.033007
2 0.572144 0.420555 0.028696 0.033267
2 0.585473 0.419165 0.027174 0.032446
2 0.597736 0.416682 0.027919 0.031526
2 0.611556 0.415120 0.027608 0.032654
9 0.439683 0.379574 0.016919 0.012696
9 0.472030 0.375470 0.017015 0.011976
9 0.503397 0.372104 0.016999 0.012370
9 0.534097 0.369011 0.016232 0.012516
9 0.563866 0.365112 0.013842 0.012230
