4 0.452511 0.530533 0.039063 0.029977
4 0.498357 0.529543 0.032439 0.029329
4 0.543999 0.528763 0.028822 0.026763
4 0.588178 0.527267 0.028631 0.025703
4 0.631154 0.526507 0.029302 0.025835
8 0.626511 0.574834 0.068933 0.054745
8 0.577251 0.576261 0.072636 0.056459
5 0.500228 0.572336 0.042981 0.023742
5 0.499063 0.590533 0.041966 0.024401
1 0.457352 0.458373 0.078666 0.052140
2 0.656409 0.458137 0.031861 0.033245
2 0.494002 0.458067 0.038925 0.040868
2 0.509418 0.458566 0.035113 0.038483
2 0.522710 0.459178 0.035065 0.037743
2 0.536925 0.458548 0.035858 0.038245
2 0.550638 0.458333 0.034717 0.037825
2 0.564392 0.459436 0.033809 0.036555
2 0.578347 0.458459 0.034866 0.037290
2 0.591344 0.458720 0.034146 0.036598
2 0.605394 0.458366 0.035948 0.037122
2 0.618519 0.458753 0.034331 0.036074
2 0.630912 0.457900 0.034828 0.035281
2 0.644547 0.458176 0.034879 0.036336
9 0.488476 0.399058 0.019345 0.015282
9 0.520827 0.399287 0.019288 0.014571
9 0.552012 0.400133 0.019408 0.014954
9 0.582450 0.401166 0.018750 0.014972
9 0.612175 0.401251 0.016436 0.014314
