2 0.355483 0.310647 0.082397 0.108639
3 0.431938 0.313434 0.083940 0.111220
2 0.506746 0.313129 0.079841 0.107566
3 0.578668 0.315309 0.077537 0.106729
2 0.653567 0.315693 0.082306 0.106225
3 0.731622 0.317652 0.074143 0.105274
2 0.804090 0.317268 0.086966 0.111389
2 0.879275 0.320237 0.084535 0.112731
1 0.221806 0.645259 0.293726 0.109738
2 0.611322 0.656131 0.086048 0.102966
2 0.682024 0.658107 0.078488 0.101643
2 0.752959 0.657979 0.083733 0.102684
3 0.827149 0.657063 0.079782 0.100205
2 0.895639 0.658739 0.083275 0.101794
