4 0.392963 0.524097 0.036278 0.026356
4 0.442690 0.514395 0.028237 0.027197
4 0.492320 0.504940 0.024675 0.025041
4 0.540131 0.495003 0.024747 0.023855
4 0.586936 0.486060 0.025401 0.023888
8 0.599790 0.538028 0.062538 0.049545
8 0.546049 0.548901 0.066707 0.050647
5 0.459989 0.559248 0.043624 0.018239
5 0.465238 0.578828 0.042173 0.019360
1 0.373170 0.447917 0.075798 0.042561
2 0.589229 0.410051 0.025273 0.031655
2 0.412817 0.440665 0.031498 0.038736
2 0.429706 0.438270 0.027714 0.036862
2 0.444336 0.436396 0.027893 0.036028
2 0.459533 0.433064 0.028603 0.036445
2 0.474339 0.430253 0.027317 0.036237
2 0.489665 0.428795 0.026661 0.034987
2 0.504470 0.425150 0.027601 0.035612
2 0.518684 0.422964 0.026947 0.034987
2 0.533823 0.419944 0.028883 0.035195
2 0.548233 0.417862 0.027279 0.034362
2 0.561399 0.414634 0.028165 0.033322
2 0.576332 0.412342 0.027738 0.034570
9 0.386459 0.380971 0.017557 0.013176
9 0.421374 0.375120 0.017718 0.012383
9 0.455278 0.370115 0.017670 0.012816
9 0.488477 0.365436 0.016819 0.013008
9 0.520600 0.359918 0.014224 0.012797
