2 0.289739 0.336087 0.114443 0.119102
3 0.371296 0.330490 0.116108 0.121452
2 0.449316 0.321994 0.110341 0.116983
3 0.524672 0.316394 0.107210 0.115542
2 0.601837 0.308677 0.111461 0.115065
3 0.682203 0.302301 0.102314 0.112999
2 0.755421 0.294141 0.116378 0.119935
2 0.832008 0.289172 0.113687 0.120652
1 0.277247 0.691562 0.334550 0.133024
2 0.680680 0.653051 0.112295 0.107746
2 0.751995 0.646286 0.103875 0.105483
2 0.822279 0.637517 0.108858 0.106497
3 0.895010 0.627642 0.103821 0.103390
2 0.954463 0.621031 0.091074 0.104812
