2 0.275506 0.338001 0.124684 0.119758
3 0.353311 0.331786 0.127303 0.122438
2 0.427950 0.322724 0.121867 0.118173
3 0.500592 0.316486 0.119312 0.116931
2 0.575277 0.308117 0.123943 0.117023
3 0.653560 0.300983 0.115536 0.114857
2 0.725188 0.292137 0.130771 0.122653
2 0.800669 0.286362 0.128973 0.123537
1 0.285855 0.681659 0.331414 0.142581
2 0.671953 0.645610 0.124208 0.109420
2 0.741483 0.639079 0.116384 0.107124
2 0.810262 0.630504 0.121947 0.108738
3 0.881736 0.620827 0.117201 0.105832
2 0.942115 0.614122 0.108374 0.107369
