2 0.312413 0.309340 0.109887 0.115365
3 0.388040 0.301476 0.111299 0.117730
2 0.460475 0.290821 0.105597 0.113397
3 0.530817 0.283054 0.102510 0.112062
2 0.603046 0.273171 0.106520 0.111654
3 0.678495 0.264423 0.098173 0.109677
2 0.747282 0.254242 0.111810 0.116452
2 0.819695 0.246959 0.109623 0.117228
1 0.316873 0.661789 0.320773 0.141677
2 0.702237 0.613738 0.110138 0.111924
2 0.770980 0.605185 0.102281 0.109547
2 0.838761 0.594582 0.107387 0.110784
3 0.909003 0.582758 0.102723 0.107587
2 0.960728 0.574406 0.078543 0.109168
