8 0.370171 0.718151 0.132308 0.092165
8 0.466526 0.721880 0.126174 0.089422
5 0.599598 0.709507 0.087953 0.039092
5 0.597676 0.738884 0.086171 0.040054
4 0.673204 0.633783 0.084356 0.057639
4 0.600108 0.635925 0.078488 0.055369
4 0.530319 0.636546 0.073261 0.053016
4 0.462704 0.636784 0.074718 0.053142
4 0.395997 0.635741 0.075509 0.053053
2 0.730376 0.534619 0.051712 0.052115
2 0.705597 0.534107 0.053979 0.056076
3 0.637715 0.534666 0.054300 0.055563
3 0.572043 0.535660 0.054807 0.053324
2 0.461933 0.538128 0.054442 0.051221
2 0.683976 0.534843 0.052960 0.052710
2 0.661174 0.534913 0.055096 0.055156
2 0.614442 0.536083 0.054766 0.053343
2 0.592734 0.535410 0.051790 0.049046
2 0.548302 0.536351 0.053363 0.051918
2 0.525738 0.537183 0.050095 0.050829
2 0.505503 0.536751 0.052385 0.049303
2 0.483144 0.538078 0.050974 0.049893
3 0.379682 0.538612 0.044168 0.044681
