4 0.452928 0.495942 0.033331 0.024692
4 0.497582 0.487466 0.026030 0.025369
4 0.542052 0.479236 0.022724 0.023324
4 0.584780 0.470562 0.022716 0.022212
4 0.626537 0.462809 0.023256 0.022230
8 0.639143 0.510709 0.057024 0.046129
8 0.591229 0.520222 0.060922 0.047223
5 0.514124 0.529004 0.039672 0.017207
5 0.519271 0.547107 0.038381 0.018209
1 0.433383 0.425344 0.069433 0.040174
2 0.626956 0.392934 0.023305 0.029408
2 0.469058 0.419101 0.029255 0.036118
2 0.484241 0.417082 0.025781 0.034333
2 0.497388 0.415519 0.025908 0.033556
2 0.511005 0.412618 0.026539 0.033938
2 0.524272 0.410196 0.025361 0.033722
2 0.538027 0.409028 0.024727 0.032551
2 0.551257 0.405840 0.025569 0.033129
2 0.563979 0.403991 0.024952 0.032536
2 0.577506 0.401386 0.026678 0.032741
2 0.590389 0.399637 0.025205 0.031946
2 0.602124 0.396820 0.025962 0.030991
2 0.615455 0.394888 0.025590 0.032126
9 0.443979 0.363665 0.016145 0.012391
9 0.475371 0.358703 0.016247 0.011653
9 0.505822 0.354514 0.016189 0.012045
9 0.535598 0.350625 0.015405 0.012203
9 0.564347 0.345954 0.013048 0.011969
