2 0.172724 0.320645 0.120776 0.139239
3 0.268281 0.315254 0.123132 0.142525
2 0.360671 0.306231 0.117421 0.137770
3 0.450400 0.300614 0.114419 0.136608
2 0.543153 0.292434 0.120253 0.136239
3 0.640385 0.285834 0.109958 0.134619
2 0.729853 0.276984 0.126917 0.142898
2 0.823906 0.271965 0.124128 0.144431
1 0.160676 0.749666 0.321353 0.151979
2 0.615315 0.718089 0.124344 0.132397
2 0.703462 0.712360 0.114734 0.130348
2 0.791127 0.704004 0.121422 0.131922
3 0.882529 0.694299 0.116095 0.128633
2 0.953740 0.688454 0.092520 0.130793
