8 0.332216 0.643528 0.111220 0.079936
8 0.422597 0.656273 0.105849 0.077709
5 0.550364 0.656768 0.078217 0.030687
5 0.543169 0.685104 0.076369 0.031925
4 0.633276 0.590535 0.071101 0.049271
4 0.564291 0.585665 0.065803 0.047630
4 0.498589 0.579633 0.061137 0.045831
4 0.434918 0.573434 0.062498 0.045853
4 0.372260 0.566075 0.063254 0.045718
2 0.704406 0.500698 0.040432 0.046527
2 0.681366 0.497851 0.041876 0.050239
3 0.617841 0.491912 0.042216 0.049744
3 0.556220 0.486591 0.043066 0.047516
2 0.452571 0.478424 0.043024 0.045536
2 0.661042 0.496490 0.041489 0.047021
2 0.639725 0.494386 0.043083 0.049248
2 0.595821 0.491045 0.043060 0.047516
2 0.575630 0.488323 0.040963 0.043556
2 0.533863 0.484982 0.041914 0.046279
2 0.512571 0.483621 0.038934 0.045536
2 0.493685 0.481270 0.041427 0.043804
2 0.472476 0.480404 0.039930 0.044547
3 0.375245 0.471000 0.034246 0.040091
