2 0.624386 0.303017 0.116230 0.114851
3 0.549797 0.309595 0.119345 0.117934
2 0.475633 0.313116 0.114843 0.114321
3 0.404292 0.318968 0.112973 0.113606
2 0.329009 0.323218 0.118271 0.114101
3 0.250287 0.329265 0.110534 0.112598
2 0.176080 0.332656 0.126302 0.120602
2 0.099277 0.339636 0.125098 0.122053
1 0.817802 0.617945 0.312045 0.132444
2 0.442979 0.654912 0.118742 0.107055
2 0.373159 0.661720 0.111572 0.105362
2 0.302113 0.666512 0.117799 0.107248
3 0.227089 0.670823 0.113771 0.104844
2 0.157835 0.677288 0.118494 0.107061
