4 0.684953 0.648772 0.043299 0.031571
4 0.631830 0.634993 0.034546 0.032052
4 0.578753 0.621489 0.030320 0.029450
4 0.527701 0.607548 0.030215 0.028146
4 0.477597 0.594768 0.030907 0.028237
8 0.457026 0.651976 0.074775 0.058982
8 0.514396 0.667281 0.079556 0.060417
5 0.607082 0.683933 0.050184 0.022908
5 0.598813 0.705393 0.048706 0.024045
1 0.716758 0.564829 0.089061 0.052227
2 0.484691 0.509494 0.031823 0.037081
2 0.674235 0.554346 0.039772 0.045320
2 0.656031 0.550657 0.035342 0.042999
2 0.640235 0.547684 0.035413 0.042080
2 0.624006 0.543044 0.036233 0.042598
2 0.608135 0.539009 0.034776 0.042296
2 0.591515 0.536461 0.033874 0.040858
2 0.575750 0.531491 0.034975 0.041625
2 0.560440 0.528191 0.034159 0.040890
2 0.544222 0.523901 0.036302 0.041248
2 0.528679 0.520704 0.034415 0.040222
2 0.514647 0.516297 0.035245 0.039114
2 0.498555 0.512834 0.034919 0.040498
9 0.711075 0.488939 0.021111 0.015876
9 0.673500 0.480276 0.021169 0.014999
9 0.636912 0.472620 0.021161 0.015488
9 0.601047 0.465372 0.020236 0.015659
9 0.566463 0.457242 0.017335 0.015272
