4 0.455514 0.518648 0.033634 0.025383
4 0.499959 0.507943 0.026463 0.025860
4 0.544360 0.497458 0.023208 0.023769
4 0.587137 0.486593 0.023262 0.022697
4 0.629075 0.476664 0.023887 0.022760
8 0.642743 0.523641 0.058517 0.047619
8 0.594572 0.535581 0.062239 0.048760
5 0.517234 0.548228 0.040044 0.018272
5 0.522704 0.565919 0.038793 0.019245
1 0.434948 0.450015 0.069704 0.041597
2 0.628191 0.407285 0.024049 0.029803
2 0.470332 0.441912 0.029768 0.036445
2 0.485444 0.439090 0.026309 0.034599
2 0.498546 0.436825 0.026453 0.033852
2 0.512109 0.433213 0.027122 0.034262
2 0.525341 0.430088 0.025969 0.034026
2 0.539097 0.428175 0.025345 0.032868
2 0.552303 0.424290 0.026228 0.033476
2 0.565035 0.421755 0.025628 0.032885
2 0.578574 0.418425 0.027396 0.033153
2 0.591493 0.415975 0.025930 0.032336
2 0.603248 0.412529 0.026700 0.031425
2 0.616637 0.409869 0.026377 0.032550
9 0.444444 0.388658 0.016257 0.012644
9 0.475618 0.381994 0.016388 0.011934
9 0.505931 0.376134 0.016376 0.012329
9 0.535639 0.370594 0.015633 0.012474
9 0.564363 0.364331 0.013301 0.012185
