8 0.410007 0.678103 0.122797 0.089565
8 0.496115 0.676453 0.117295 0.086735
5 0.613249 0.658080 0.079669 0.039618
5 0.614085 0.685081 0.078301 0.040479
4 0.671821 0.585230 0.078023 0.055582
4 0.607371 0.590936 0.072741 0.053299
4 0.545623 0.595096 0.067997 0.050965
4 0.485691 0.598802 0.069249 0.051185
4 0.426383 0.601298 0.069905 0.051173
2 0.713419 0.492507 0.049218 0.048551
2 0.691574 0.493296 0.051513 0.052162
3 0.631844 0.497219 0.051695 0.051758
3 0.574019 0.501428 0.051890 0.049845
2 0.476961 0.509224 0.051332 0.048026
2 0.672605 0.495045 0.050316 0.049159
2 0.652533 0.496260 0.052359 0.051433
2 0.611451 0.499671 0.051884 0.049844
2 0.592248 0.500153 0.048926 0.045910
2 0.553123 0.503250 0.050510 0.048542
2 0.533268 0.505141 0.047587 0.047423
2 0.515358 0.505771 0.049416 0.046205
2 0.495708 0.508103 0.048240 0.046664
3 0.404203 0.513821 0.041867 0.041748
