4 0.469395 0.496349 0.044045 0.032407
4 0.521003 0.496187 0.036499 0.031725
4 0.572432 0.496248 0.032318 0.028964
4 0.622253 0.495501 0.031994 0.027823
4 0.670764 0.495532 0.032642 0.027977
8 0.666032 0.548486 0.077290 0.059865
8 0.610132 0.549037 0.081712 0.061714
5 0.522956 0.543048 0.048500 0.025881
5 0.521568 0.563075 0.047460 0.026701
1 0.475407 0.418548 0.087877 0.055544
2 0.698211 0.422018 0.035094 0.035509
2 0.516392 0.418889 0.043501 0.043559
2 0.533621 0.419710 0.039197 0.041029
2 0.548479 0.420616 0.039094 0.040252
2 0.564373 0.420210 0.039923 0.040790
2 0.579713 0.420237 0.038603 0.040347
2 0.595110 0.421678 0.037550 0.039009
2 0.610725 0.420895 0.038672 0.039793
2 0.625281 0.421419 0.037828 0.039063
2 0.641015 0.421306 0.039781 0.039627
2 0.655728 0.421968 0.037944 0.038517
2 0.669610 0.421284 0.038461 0.037670
2 0.684901 0.421841 0.038460 0.038805
9 0.510547 0.355901 0.021455 0.016093
9 0.546463 0.356723 0.021348 0.015351
9 0.581115 0.358178 0.021445 0.015764
9 0.614972 0.359820 0.020681 0.015792
9 0.648060 0.360445 0.018086 0.015103
