4 0.562653 0.513347 0.033267 0.024168
4 0.517053 0.504450 0.025893 0.024940
4 0.471543 0.495780 0.022627 0.022963
4 0.427700 0.486668 0.022693 0.021875
4 0.384780 0.478467 0.023293 0.021905
8 0.372993 0.526122 0.057347 0.045433
8 0.422273 0.536092 0.061170 0.046443
5 0.501190 0.545580 0.040003 0.016725
5 0.496377 0.563535 0.038673 0.017753
1 0.580803 0.443490 0.069507 0.039028
2 0.382677 0.408767 0.023175 0.029028
2 0.544447 0.436840 0.028884 0.035521
2 0.528960 0.434644 0.025414 0.033802
2 0.515544 0.432925 0.025578 0.033038
2 0.501608 0.429870 0.026229 0.033420
2 0.488031 0.427292 0.025050 0.033229
2 0.473977 0.425955 0.024448 0.032083
2 0.460401 0.422613 0.025310 0.032656
2 0.447367 0.420608 0.024710 0.032083
2 0.433484 0.417839 0.026486 0.032274
2 0.420270 0.415929 0.025015 0.031510
2 0.408197 0.412969 0.025827 0.030556
2 0.394504 0.410868 0.025436 0.031701
9 0.568617 0.382100 0.016100 0.012082
9 0.536600 0.376735 0.016247 0.011355
9 0.505510 0.372145 0.016203 0.011752
9 0.475067 0.367855 0.015423 0.011928
9 0.445610 0.362795 0.013043 0.011735
