8 0.618144 0.637643 0.098680 0.075422
8 0.538924 0.650308 0.094186 0.073450
5 0.426277 0.651865 0.069510 0.029392
5 0.432997 0.678306 0.067892 0.030577
4 0.352106 0.590604 0.063577 0.046655
4 0.413079 0.585513 0.058747 0.045016
4 0.470995 0.579376 0.054499 0.043241
4 0.526986 0.573113 0.055596 0.043214
4 0.581945 0.565793 0.056157 0.043035
2 0.287987 0.507053 0.036418 0.043784
2 0.308389 0.504246 0.037720 0.047243
3 0.364577 0.498296 0.037955 0.046723
3 0.418965 0.492948 0.038618 0.044593
2 0.510193 0.484707 0.038450 0.042659
2 0.326386 0.502844 0.037320 0.044214
2 0.345239 0.500744 0.038737 0.046286
2 0.384038 0.497349 0.038652 0.044630
2 0.401846 0.494682 0.036730 0.040902
2 0.438673 0.491310 0.037563 0.043413
2 0.457431 0.489911 0.034906 0.042685
2 0.474041 0.487605 0.037062 0.041070
2 0.492705 0.486670 0.035734 0.041736
3 0.578020 0.477338 0.030596 0.037479
