4 0.441327 0.522077 0.031976 0.026027
4 0.484063 0.510746 0.025012 0.026413
4 0.526702 0.499653 0.021856 0.024253
4 0.567744 0.488207 0.021863 0.023161
4 0.607922 0.477730 0.022400 0.023220
8 0.620063 0.524942 0.054887 0.048567
8 0.573988 0.537527 0.058576 0.049787
5 0.500018 0.551201 0.038052 0.018883
5 0.504989 0.568949 0.036810 0.019837
1 0.422375 0.452750 0.066632 0.042931
2 0.608313 0.407508 0.022479 0.030432
2 0.456527 0.444158 0.028160 0.037282
2 0.471082 0.441142 0.024828 0.035368
2 0.483692 0.438715 0.024951 0.034605
2 0.496758 0.434915 0.025562 0.035023
2 0.509495 0.431614 0.024434 0.034769
2 0.522711 0.429539 0.023826 0.033581
2 0.535425 0.425470 0.024640 0.034203
2 0.547660 0.422776 0.024050 0.033593
2 0.560674 0.419269 0.025716 0.033877
2 0.573077 0.416662 0.024300 0.033030
2 0.584379 0.413057 0.025033 0.032111
2 0.597225 0.410234 0.024679 0.033242
9 0.432298 0.390211 0.015526 0.013027
9 0.462403 0.383146 0.015633 0.012300
9 0.491643 0.376912 0.015589 0.012696
9 0.520269 0.371017 0.014845 0.012832
9 0.547938 0.364397 0.012583 0.012514
