2 0.321394 0.324913 0.075247 0.108966
3 0.398387 0.328287 0.077055 0.111672
2 0.473680 0.328568 0.073589 0.108123
3 0.546404 0.331313 0.071707 0.107380
2 0.622199 0.332290 0.076997 0.107040
3 0.701458 0.334870 0.069183 0.106144
2 0.775119 0.335056 0.082311 0.112511
2 0.851889 0.338638 0.080198 0.113958
1 0.212697 0.654058 0.283683 0.110759
2 0.600768 0.669696 0.080042 0.102047
2 0.671772 0.672570 0.072902 0.100752
2 0.743057 0.673385 0.078512 0.101958
3 0.817730 0.673470 0.075070 0.099591
2 0.886975 0.676033 0.078889 0.101302
