4 0.446459 0.512067 0.033460 0.024433
4 0.491164 0.503057 0.026244 0.025158
4 0.535682 0.494295 0.023008 0.023118
4 0.578446 0.485111 0.023069 0.021980
4 0.620241 0.476864 0.023691 0.021971
8 0.633743 0.524841 0.058233 0.045926
8 0.585621 0.534968 0.061979 0.047054
5 0.508055 0.544623 0.040031 0.017007
5 0.513373 0.562851 0.038804 0.018104
1 0.426840 0.441902 0.069214 0.039025
2 0.619574 0.407350 0.023729 0.028810
2 0.462323 0.435256 0.029295 0.035460
2 0.477442 0.433064 0.025871 0.033727
2 0.490539 0.431350 0.026031 0.032951
2 0.504098 0.428306 0.026700 0.033312
2 0.517309 0.425740 0.025560 0.033104
2 0.531017 0.424410 0.024958 0.031951
2 0.544186 0.421087 0.025838 0.032501
2 0.556859 0.419095 0.025252 0.031917
2 0.570329 0.416345 0.027013 0.032090
2 0.583164 0.414451 0.025568 0.031317
2 0.594841 0.411513 0.026341 0.030353
2 0.608123 0.409433 0.026021 0.031476
9 0.437207 0.380805 0.016038 0.011975
9 0.468334 0.375518 0.016172 0.011243
9 0.498533 0.371005 0.016150 0.011625
9 0.528070 0.366793 0.015406 0.011787
9 0.556581 0.361827 0.013093 0.011583
