8 0.392470 0.620660 0.124383 0.089397
8 0.493549 0.634913 0.118377 0.086906
5 0.636438 0.635467 0.087474 0.034319
5 0.628391 0.667157 0.085407 0.035704
4 0.729163 0.561395 0.079516 0.055103
4 0.652013 0.555949 0.073591 0.053267
4 0.578535 0.549203 0.068374 0.051256
4 0.507327 0.542270 0.069895 0.051280
4 0.437254 0.534040 0.070740 0.051129
2 0.808712 0.460925 0.045218 0.052034
2 0.782945 0.457742 0.046832 0.056185
3 0.711901 0.451100 0.047213 0.055631
3 0.642987 0.445149 0.048164 0.053140
2 0.527070 0.436015 0.048116 0.050926
2 0.760215 0.456220 0.046400 0.052586
2 0.736376 0.453867 0.048182 0.055077
2 0.687275 0.450130 0.048156 0.053140
2 0.664695 0.447086 0.045812 0.048711
2 0.617983 0.443350 0.046874 0.051756
2 0.594171 0.441828 0.043542 0.050926
2 0.573051 0.439198 0.046330 0.048989
2 0.549331 0.438229 0.044656 0.049819
3 0.440592 0.427712 0.038299 0.044837
