4 0.463449 0.520536 0.038286 0.029556
4 0.505213 0.504368 0.031380 0.029088
4 0.546897 0.488456 0.027765 0.026548
4 0.586813 0.472401 0.027597 0.025439
4 0.626028 0.457409 0.028231 0.025532
8 0.649763 0.502313 0.067576 0.054686
8 0.604776 0.520153 0.071452 0.056403
5 0.530908 0.542334 0.043138 0.023276
5 0.540119 0.559310 0.042162 0.024132
1 0.428715 0.454940 0.076725 0.049946
2 0.610154 0.389094 0.029803 0.032347
2 0.461977 0.442556 0.036696 0.039854
2 0.476308 0.437907 0.032946 0.037575
2 0.488767 0.434060 0.032938 0.036833
2 0.501389 0.428829 0.033683 0.037299
2 0.513779 0.424123 0.032518 0.036904
2 0.526934 0.420549 0.031674 0.035663
2 0.539125 0.415103 0.032670 0.036351
2 0.551126 0.411046 0.031967 0.035675
2 0.563746 0.406111 0.033751 0.036134
2 0.575935 0.402120 0.032159 0.035131
2 0.586761 0.397294 0.032716 0.034305
2 0.599355 0.393045 0.032652 0.035358
9 0.425280 0.393147 0.018452 0.014491
9 0.454627 0.382787 0.018434 0.013787
9 0.483256 0.373336 0.018508 0.014159
9 0.511322 0.364285 0.017820 0.014196
9 0.538233 0.354654 0.015498 0.013612
