2 0.364544 0.308539 0.087361 0.109588
3 0.440840 0.312476 0.089023 0.112185
2 0.515636 0.313297 0.084761 0.108478
3 0.587429 0.316559 0.082423 0.107609
2 0.662282 0.318071 0.087155 0.107179
3 0.740216 0.321205 0.078969 0.106107
2 0.812676 0.321912 0.092050 0.112399
2 0.887693 0.326012 0.089689 0.113700
1 0.214994 0.641019 0.298165 0.113878
2 0.603852 0.657751 0.090732 0.103985
2 0.674436 0.660791 0.083129 0.102552
2 0.745351 0.661731 0.088409 0.103669
3 0.819558 0.661933 0.084350 0.101137
2 0.887944 0.664638 0.087910 0.102775
