2 0.336351 0.276446 0.072591 0.103930
3 0.409897 0.278053 0.073129 0.106414
2 0.481830 0.276668 0.069046 0.102886
3 0.551103 0.277737 0.067248 0.102111
2 0.622908 0.277031 0.072559 0.101518
3 0.697814 0.277798 0.065493 0.100708
2 0.767171 0.276418 0.078172 0.106384
2 0.839401 0.278211 0.076526 0.107729
1 0.224555 0.612296 0.286514 0.108608
2 0.612487 0.617139 0.078839 0.104990
2 0.682652 0.618014 0.072085 0.103743
2 0.752844 0.616728 0.077901 0.104685
3 0.826090 0.614562 0.074776 0.102125
2 0.893978 0.615176 0.078823 0.103700
