2 0.183277 0.197761 0.108882 0.149323
3 0.292362 0.199170 0.111434 0.152737
2 0.398684 0.196357 0.106407 0.147682
3 0.500927 0.197084 0.103691 0.146464
2 0.607135 0.195215 0.111027 0.145515
3 0.717708 0.195439 0.100042 0.144327
2 0.820155 0.192551 0.118453 0.152360
2 0.926382 0.194258 0.115502 0.154157
1 0.112237 0.659464 0.224474 0.138303
2 0.566632 0.659993 0.113897 0.135075
2 0.664773 0.660106 0.103903 0.133436
2 0.763017 0.657408 0.111586 0.134594
3 0.865586 0.653560 0.106687 0.131343
2 0.952159 0.653351 0.095682 0.133262
