2 0.712961 0.332330 0.105238 0.112419
3 0.637206 0.325885 0.107331 0.115061
2 0.564233 0.316616 0.102490 0.111184
3 0.493139 0.310121 0.100042 0.110200
2 0.419816 0.301515 0.104606 0.110045
3 0.342813 0.294068 0.096385 0.108531
2 0.272156 0.285003 0.110338 0.115442
2 0.197574 0.278888 0.108255 0.116584
1 0.716745 0.675280 0.312768 0.128526
2 0.332064 0.639192 0.107544 0.107115
2 0.262237 0.632644 0.099832 0.105279
2 0.192982 0.624013 0.105210 0.106673
3 0.120845 0.614221 0.100777 0.103960
2 0.053294 0.607645 0.104561 0.105768
