4 0.434907 0.501677 0.040030 0.029451
4 0.482021 0.501250 0.033118 0.028872
4 0.528976 0.501027 0.029315 0.026365
4 0.574453 0.500074 0.029031 0.025321
4 0.618743 0.499840 0.029623 0.025458
8 0.614933 0.548224 0.070212 0.054429
8 0.563903 0.549030 0.074246 0.056098
5 0.484256 0.544033 0.044186 0.023438
5 0.483182 0.562330 0.043224 0.024196
1 0.439646 0.430595 0.079966 0.050401
2 0.643093 0.432557 0.031788 0.032352
2 0.477068 0.430685 0.039408 0.039683
2 0.492805 0.431341 0.035490 0.037389
2 0.506379 0.432088 0.035404 0.036677
2 0.520885 0.431631 0.036159 0.037165
2 0.534890 0.431573 0.034953 0.036767
2 0.548961 0.432805 0.034002 0.035546
2 0.563210 0.432005 0.035022 0.036258
2 0.576505 0.432405 0.034256 0.035594
2 0.590868 0.432217 0.036041 0.036099
2 0.604307 0.432741 0.034369 0.035092
2 0.616974 0.432042 0.034852 0.034312
2 0.630939 0.432467 0.034839 0.035354
9 0.471125 0.373194 0.019496 0.014627
9 0.503923 0.373750 0.019406 0.013948
9 0.535573 0.374891 0.019491 0.014325
9 0.566499 0.376208 0.018790 0.014356
9 0.596714 0.376599 0.016418 0.013740
