2 0.401460 0.305880 0.109599 0.120302
3 0.477751 0.316597 0.112428 0.123081
2 0.553198 0.323987 0.108024 0.118905
3 0.625144 0.333634 0.106078 0.117781
2 0.700631 0.341745 0.111340 0.117751
3 0.778898 0.351807 0.103518 0.115907
2 0.852285 0.358867 0.118722 0.123526
2 0.927475 0.369676 0.117292 0.124616
1 0.187339 0.629698 0.312513 0.138610
2 0.568592 0.680329 0.110831 0.110570
2 0.637909 0.689537 0.103609 0.108464
2 0.708080 0.696692 0.109583 0.110033
3 0.781710 0.703421 0.105614 0.107190
2 0.849072 0.712112 0.110000 0.109100
