8 0.594666 0.662480 0.115945 0.084290
8 0.510226 0.664526 0.110652 0.081702
5 0.394142 0.651511 0.076758 0.036102
5 0.395365 0.677994 0.075312 0.037031
4 0.331279 0.582645 0.073779 0.052223
4 0.394819 0.585493 0.068662 0.050175
4 0.455596 0.586941 0.064090 0.048050
4 0.514561 0.588023 0.065329 0.048214
4 0.572823 0.587946 0.065989 0.048171
2 0.283535 0.493591 0.045423 0.046500
2 0.304985 0.493435 0.047428 0.050022
3 0.363768 0.494737 0.047645 0.049608
3 0.420707 0.496401 0.048000 0.047676
2 0.516335 0.499909 0.047590 0.045874
2 0.323691 0.494341 0.046475 0.047060
2 0.343437 0.494677 0.048339 0.049250
2 0.383922 0.496271 0.047994 0.047675
2 0.402761 0.495927 0.045348 0.043859
2 0.441306 0.497296 0.046721 0.046431
2 0.460891 0.498305 0.043877 0.045443
2 0.478476 0.498160 0.045816 0.044133
2 0.497893 0.499609 0.044596 0.044649
3 0.587925 0.501318 0.038601 0.040006
