2 0.658149 0.305687 0.077591 0.111937
3 0.577893 0.306609 0.078999 0.114607
2 0.499616 0.304339 0.074994 0.110876
3 0.424156 0.304745 0.072642 0.110059
2 0.345728 0.303194 0.077695 0.109404
3 0.263865 0.303207 0.069196 0.108619
2 0.188044 0.300916 0.082165 0.114706
2 0.109103 0.302062 0.079500 0.116178
1 0.770477 0.659208 0.299569 0.107559
2 0.361874 0.660425 0.081898 0.105884
2 0.287707 0.660648 0.074063 0.104692
2 0.213470 0.658665 0.079488 0.105648
3 0.135890 0.655773 0.075541 0.103148
2 0.064063 0.655739 0.079081 0.104726
