2 0.662303 0.324815 0.082640 0.114795
3 0.582185 0.324131 0.083352 0.117404
2 0.504296 0.320286 0.078464 0.113487
3 0.429261 0.319194 0.075372 0.112512
2 0.351494 0.316073 0.079628 0.111876
3 0.270405 0.314464 0.070423 0.110813
2 0.195535 0.310637 0.082618 0.117138
2 0.117637 0.310225 0.079208 0.118445
1 0.756724 0.676511 0.298216 0.110852
2 0.358800 0.667910 0.081734 0.103566
2 0.287100 0.666373 0.073480 0.102153
2 0.215527 0.662719 0.078089 0.103142
3 0.140830 0.658130 0.073599 0.100606
2 0.071781 0.656409 0.076391 0.102123
