2 0.394391 0.302683 0.102924 0.112107
3 0.469799 0.310306 0.104962 0.114744
2 0.544191 0.314751 0.100194 0.110888
3 0.615216 0.321482 0.097759 0.109919
2 0.689559 0.326618 0.102349 0.109727
3 0.766722 0.333518 0.094128 0.108271
2 0.838805 0.337737 0.107973 0.115104
2 0.912914 0.345459 0.105852 0.116268
1 0.194443 0.626674 0.311007 0.126655
2 0.579290 0.662200 0.105373 0.106760
2 0.649145 0.668650 0.097671 0.104977
2 0.719652 0.673026 0.103039 0.106335
3 0.793552 0.676825 0.098653 0.103645
2 0.861268 0.682837 0.102410 0.105431
