4 0.435253 0.505302 0.038187 0.028000
4 0.482195 0.502249 0.031089 0.027836
4 0.528997 0.499408 0.027428 0.025477
4 0.574254 0.495923 0.027250 0.024413
4 0.618399 0.493220 0.027849 0.024518
8 0.619395 0.541682 0.066669 0.051985
8 0.568586 0.545331 0.070663 0.053460
5 0.488665 0.544789 0.043169 0.021506
5 0.489407 0.563095 0.042087 0.022353
1 0.432933 0.434152 0.077230 0.047195
2 0.636011 0.424765 0.029320 0.031526
2 0.470260 0.432155 0.036397 0.038643
2 0.486019 0.431932 0.032592 0.036513
2 0.499629 0.431920 0.032584 0.035781
2 0.514050 0.430656 0.033311 0.036239
2 0.528011 0.429817 0.032106 0.035903
2 0.542165 0.430261 0.031257 0.034697
2 0.556295 0.428669 0.032234 0.035370
2 0.569592 0.428326 0.031515 0.034730
2 0.583897 0.427337 0.033309 0.035141
2 0.597351 0.427111 0.031688 0.034203
2 0.609914 0.425707 0.032276 0.033365
2 0.623882 0.425353 0.032146 0.034445
9 0.458634 0.375155 0.018567 0.013931
9 0.491397 0.373880 0.018550 0.013233
9 0.523072 0.373254 0.018595 0.013619
9 0.554043 0.372842 0.017865 0.013694
9 0.584214 0.371548 0.015476 0.013205
