8 0.730812 0.563160 0.127778 0.091837
8 0.626975 0.577802 0.121608 0.089278
5 0.480186 0.578371 0.089862 0.035256
5 0.488452 0.610926 0.087739 0.036678
4 0.384930 0.502277 0.081687 0.056607
4 0.464185 0.496682 0.075600 0.054721
4 0.539669 0.489752 0.070240 0.052655
4 0.612820 0.482630 0.071803 0.052680
4 0.684806 0.474176 0.072671 0.052525
2 0.303209 0.399064 0.046452 0.053454
2 0.329680 0.395794 0.048110 0.057719
3 0.402662 0.388971 0.048502 0.057150
3 0.473457 0.382858 0.049478 0.054591
2 0.592539 0.373474 0.049430 0.052316
2 0.353030 0.394231 0.047666 0.054022
2 0.377520 0.391813 0.049497 0.056581
2 0.427961 0.387975 0.049471 0.054591
2 0.451157 0.384847 0.047062 0.050041
2 0.499144 0.381009 0.048154 0.053169
2 0.523606 0.379446 0.044731 0.052316
2 0.545303 0.376745 0.047595 0.050326
2 0.569670 0.375749 0.045875 0.051179
3 0.681377 0.364945 0.039345 0.046060
