2 0.291447 0.332945 0.079725 0.115024
3 0.373911 0.333893 0.081172 0.117767
2 0.454342 0.331560 0.077058 0.113934
3 0.531878 0.331977 0.074641 0.113093
2 0.612464 0.330383 0.079833 0.112421
3 0.696578 0.330397 0.071100 0.111614
2 0.774486 0.328043 0.084426 0.117868
2 0.855599 0.329220 0.081687 0.119381
1 0.176029 0.696214 0.307811 0.110525
2 0.595873 0.697464 0.084151 0.108803
2 0.672081 0.697694 0.076101 0.107579
2 0.748361 0.695656 0.081675 0.108561
3 0.828074 0.692684 0.077620 0.105992
2 0.901878 0.692649 0.081256 0.107613
