4 0.406284 0.525549 0.033279 0.025588
4 0.451694 0.518529 0.025955 0.026093
4 0.497144 0.511715 0.022696 0.024011
4 0.541047 0.504369 0.022771 0.022955
4 0.584153 0.497883 0.023440 0.023043
8 0.595958 0.546316 0.057634 0.048048
8 0.546523 0.554231 0.061291 0.049143
5 0.467693 0.560390 0.039948 0.018421
5 0.472555 0.578535 0.038601 0.019381
1 0.387717 0.454656 0.069642 0.042097
2 0.586363 0.427490 0.023406 0.030363
2 0.423985 0.449408 0.029079 0.036977
2 0.439464 0.447815 0.025597 0.035121
2 0.452884 0.446619 0.025756 0.034371
2 0.466830 0.444093 0.026409 0.034800
2 0.480431 0.442033 0.025225 0.034576
2 0.494524 0.441245 0.024615 0.033407
2 0.508144 0.438409 0.025482 0.034039
2 0.521233 0.436902 0.024877 0.033449
2 0.535186 0.434655 0.026662 0.033730
2 0.548481 0.433248 0.025189 0.032911
2 0.560642 0.430732 0.026023 0.031992
2 0.574441 0.429148 0.025657 0.033151
9 0.399472 0.393146 0.016198 0.012862
9 0.431518 0.388956 0.016352 0.012143
9 0.462696 0.385509 0.016320 0.012556
9 0.493280 0.382335 0.015546 0.012716
9 0.522923 0.378335 0.013156 0.012439
