4 0.444766 0.646245 0.054687 0.038614
4 0.387408 0.625702 0.044749 0.037891
4 0.330502 0.605616 0.039300 0.034539
4 0.276378 0.585428 0.038687 0.033090
4 0.223471 0.566715 0.039230 0.033196
8 0.189317 0.625058 0.092821 0.070413
8 0.249636 0.647436 0.098956 0.072687
5 0.349707 0.675419 0.060016 0.030207
5 0.336082 0.697482 0.058565 0.031132
1 0.497944 0.559275 0.110272 0.066646
2 0.248488 0.477275 0.042028 0.042540
2 0.451574 0.543725 0.053447 0.052645
2 0.431696 0.537930 0.047950 0.049573
2 0.414449 0.533153 0.047758 0.048584
2 0.397090 0.526561 0.048682 0.049193
2 0.380049 0.520670 0.046927 0.048637
2 0.361912 0.516301 0.045557 0.046978
2 0.345261 0.509448 0.046840 0.047884
2 0.328821 0.504433 0.045718 0.046972
2 0.311607 0.498285 0.048049 0.047596
2 0.294960 0.493382 0.045700 0.046237
2 0.280272 0.487351 0.046305 0.045177
2 0.263144 0.482133 0.046149 0.046517
9 0.506532 0.477314 0.026814 0.019524
9 0.465570 0.464399 0.026580 0.018587
9 0.425744 0.452723 0.026552 0.019062
9 0.386857 0.441611 0.025453 0.019074
9 0.349777 0.429741 0.022091 0.018231
