2 0.294108 0.289785 0.082968 0.111939
3 0.378258 0.290532 0.084479 0.114791
2 0.460629 0.288082 0.080207 0.111210
3 0.540240 0.288318 0.077704 0.110549
2 0.623244 0.286579 0.083033 0.110065
3 0.710142 0.286408 0.073992 0.109432
2 0.790874 0.283925 0.087800 0.115745
2 0.875291 0.284898 0.085174 0.117409
1 0.170353 0.645938 0.317400 0.110711
2 0.603688 0.649010 0.088345 0.108868
2 0.683146 0.649591 0.079954 0.107770
2 0.762917 0.647918 0.085787 0.108923
3 0.846578 0.645310 0.081645 0.106478
2 0.924276 0.645624 0.085812 0.108274
