8 0.614076 0.655309 0.108043 0.078040
8 0.530239 0.663136 0.102949 0.075769
5 0.413054 0.658135 0.074045 0.031476
5 0.417501 0.684423 0.072444 0.032532
4 0.342060 0.593867 0.068931 0.048211
4 0.405681 0.592347 0.063949 0.046480
4 0.466380 0.589622 0.059535 0.044632
4 0.525230 0.586656 0.060784 0.044710
4 0.583238 0.582584 0.061466 0.044619
2 0.283660 0.508460 0.040603 0.044386
2 0.305002 0.506834 0.042208 0.047851
3 0.363697 0.504101 0.042483 0.047411
3 0.420600 0.501853 0.043093 0.045406
2 0.516255 0.498789 0.042904 0.043588
2 0.323740 0.506454 0.041610 0.044884
2 0.343444 0.505435 0.043240 0.046994
2 0.383953 0.504246 0.043087 0.045405
2 0.402672 0.502612 0.040864 0.041685
2 0.441222 0.501332 0.041942 0.044222
2 0.460848 0.500993 0.039154 0.043414
2 0.478342 0.499644 0.041308 0.041932
2 0.497854 0.499755 0.039992 0.042549
3 0.587717 0.495283 0.034442 0.038221
