8 0.624021 0.650960 0.103466 0.074446
8 0.540792 0.661838 0.098496 0.072351
5 0.423421 0.661122 0.072348 0.028905
5 0.429569 0.687217 0.070670 0.030025
4 0.348340 0.599523 0.066114 0.045911
4 0.411787 0.595681 0.061221 0.044354
4 0.472237 0.590743 0.056906 0.042660
4 0.530825 0.585632 0.058156 0.042692
4 0.588500 0.579447 0.058848 0.042575
2 0.284466 0.516349 0.037898 0.043109
2 0.305676 0.513945 0.039284 0.046532
3 0.364125 0.509072 0.039589 0.046080
3 0.420815 0.504749 0.040334 0.044042
2 0.516157 0.498197 0.040263 0.042223
2 0.324368 0.512882 0.038877 0.043573
2 0.343983 0.511144 0.040377 0.045633
2 0.384366 0.508478 0.040328 0.044042
2 0.402957 0.506162 0.038337 0.040385
2 0.441378 0.503476 0.039255 0.042894
2 0.460959 0.502422 0.036506 0.042185
2 0.478344 0.500435 0.038767 0.040617
2 0.497841 0.499833 0.037405 0.041285
3 0.587307 0.492086 0.032111 0.037141
