4 0.461313 0.513083 0.036154 0.024424
4 0.510176 0.504121 0.027916 0.025047
4 0.558387 0.495492 0.024127 0.022929
4 0.604334 0.486525 0.023906 0.021748
4 0.648830 0.478547 0.024262 0.021684
8 0.660207 0.525646 0.059506 0.044983
8 0.609140 0.535668 0.064244 0.046307
5 0.526284 0.545357 0.042637 0.016942
5 0.531088 0.563335 0.041214 0.018053
1 0.442936 0.442503 0.075552 0.039880
2 0.651938 0.409933 0.024186 0.028803
2 0.482164 0.436168 0.031444 0.035881
2 0.498706 0.434107 0.027597 0.034067
2 0.512976 0.432507 0.027660 0.033253
2 0.527770 0.429584 0.028251 0.033590
2 0.542131 0.427144 0.026906 0.033338
2 0.556924 0.425951 0.026156 0.032140
2 0.571196 0.422765 0.026972 0.032670
2 0.584838 0.420910 0.026246 0.032049
2 0.599326 0.418312 0.027998 0.032209
2 0.613066 0.416568 0.026367 0.031391
2 0.625596 0.413778 0.027108 0.030420
2 0.639746 0.411861 0.026625 0.031497
9 0.457307 0.380974 0.017476 0.012371
9 0.491590 0.376096 0.017477 0.011606
9 0.524614 0.372013 0.017300 0.011964
9 0.556709 0.368247 0.016353 0.012088
9 0.587555 0.363732 0.013751 0.011821
