8 0.373173 0.677667 0.103333 0.073633
8 0.456583 0.690829 0.097598 0.071195
5 0.573732 0.693937 0.071954 0.028767
5 0.566786 0.718858 0.070024 0.029606
4 0.651049 0.636331 0.066566 0.045844
4 0.587593 0.630527 0.061428 0.044363
4 0.526991 0.623722 0.056895 0.042756
4 0.468019 0.616779 0.058087 0.042918
4 0.409751 0.608780 0.059067 0.042938
2 0.719250 0.556054 0.039039 0.043691
2 0.697940 0.552920 0.040403 0.047190
3 0.638981 0.546053 0.040437 0.046863
3 0.581600 0.539784 0.040932 0.044932
2 0.484695 0.529918 0.040464 0.043265
2 0.679078 0.551232 0.039866 0.044248
2 0.659303 0.548818 0.041322 0.046378
2 0.618474 0.544775 0.041080 0.044851
2 0.599684 0.541826 0.038979 0.041188
2 0.560733 0.537804 0.039748 0.043796
2 0.540837 0.536074 0.036868 0.043073
2 0.523188 0.533479 0.039116 0.041561
2 0.503334 0.532202 0.037636 0.042241
3 0.411993 0.521298 0.032447 0.038133
