2 0.659278 0.314431 0.074056 0.106900
3 0.582678 0.315312 0.075400 0.109450
2 0.507967 0.313144 0.071578 0.105887
3 0.435944 0.313531 0.069333 0.105106
2 0.361089 0.312050 0.074156 0.104481
3 0.282956 0.312063 0.066044 0.103731
2 0.210589 0.309875 0.078422 0.109544
2 0.135244 0.310969 0.075878 0.110950
1 0.766489 0.652044 0.285922 0.102719
2 0.376500 0.653206 0.078167 0.101119
2 0.305711 0.653419 0.070689 0.099981
2 0.234856 0.651525 0.075867 0.100894
3 0.160811 0.648763 0.072100 0.098506
2 0.092256 0.648731 0.075478 0.100013
