4 0.452118 0.514781 0.034456 0.025278
4 0.498119 0.506866 0.026900 0.025811
4 0.543703 0.499229 0.023392 0.023666
4 0.587354 0.491158 0.023252 0.022510
4 0.629780 0.484025 0.023686 0.022494
8 0.639235 0.531923 0.057895 0.046694
8 0.590517 0.540840 0.062136 0.047929
5 0.512094 0.548758 0.040529 0.017726
5 0.516098 0.566986 0.039233 0.018686
1 0.436938 0.443475 0.071604 0.041546
2 0.634763 0.414449 0.023839 0.029681
2 0.473754 0.437828 0.030445 0.036735
2 0.489318 0.436064 0.026835 0.034859
2 0.502761 0.434722 0.026908 0.034061
2 0.516751 0.432051 0.027512 0.034433
2 0.530337 0.429856 0.026276 0.034175
2 0.544313 0.428927 0.025574 0.032971
2 0.557873 0.425972 0.026394 0.033543
2 0.570816 0.424348 0.025725 0.032920
2 0.584599 0.421986 0.027424 0.033134
2 0.597664 0.420471 0.025891 0.032295
2 0.609627 0.417872 0.026597 0.031340
2 0.623118 0.416186 0.026207 0.032443
9 0.452005 0.381756 0.016676 0.012750
9 0.484259 0.377405 0.016709 0.011996
9 0.515405 0.373823 0.016603 0.012370
9 0.545756 0.370536 0.015763 0.012496
9 0.575034 0.366460 0.013341 0.012199
