8 0.362788 0.616393 0.119215 0.089903
8 0.441184 0.641996 0.114063 0.087171
5 0.556134 0.662646 0.078047 0.040282
5 0.543519 0.686803 0.076607 0.041102
4 0.645553 0.616478 0.076419 0.056178
4 0.584128 0.601206 0.071109 0.053777
4 0.526051 0.585444 0.066358 0.051344
4 0.469957 0.569883 0.067501 0.051521
4 0.415129 0.553472 0.068060 0.051462
2 0.730011 0.546887 0.048111 0.048982
2 0.709651 0.540691 0.050307 0.052591
3 0.653169 0.525350 0.050445 0.052139
3 0.598387 0.510895 0.050623 0.050186
2 0.506306 0.487345 0.050010 0.048288
2 0.691449 0.536267 0.049158 0.049567
2 0.672521 0.531018 0.051130 0.051839
2 0.633354 0.521115 0.050650 0.050215
2 0.615620 0.515496 0.047768 0.046250
2 0.578467 0.505946 0.049257 0.048856
2 0.559471 0.501391 0.046359 0.047695
2 0.542882 0.496324 0.048179 0.046489
2 0.523878 0.492232 0.046987 0.046917
3 0.438088 0.468628 0.040694 0.041897
