8 0.353600 0.598722 0.131928 0.095153
8 0.455745 0.616556 0.125664 0.092418
5 0.601283 0.621806 0.091116 0.037832
5 0.591238 0.653826 0.089091 0.039174
4 0.700066 0.549383 0.084220 0.058744
4 0.621786 0.541305 0.078077 0.056679
4 0.547322 0.532024 0.072644 0.054460
4 0.475182 0.522626 0.074196 0.054534
4 0.404273 0.511944 0.075048 0.054408
2 0.786964 0.449636 0.049099 0.054493
2 0.760899 0.445548 0.050986 0.058775
3 0.688909 0.436452 0.051342 0.058223
3 0.619049 0.428130 0.052165 0.055717
2 0.501488 0.415024 0.051988 0.053459
2 0.737831 0.443252 0.050336 0.055095
2 0.713682 0.440073 0.052296 0.057691
2 0.663877 0.434657 0.052158 0.055717
2 0.641051 0.430815 0.049511 0.051128
2 0.593680 0.425477 0.050771 0.054264
2 0.569510 0.423146 0.047328 0.053309
2 0.548146 0.419775 0.050055 0.051427
2 0.524038 0.418010 0.048398 0.052218
3 0.413872 0.403730 0.041631 0.046934
