8 0.567718 0.650353 0.130239 0.087326
8 0.479978 0.646034 0.124049 0.084400
5 0.361291 0.624990 0.082437 0.039329
5 0.359767 0.650313 0.081176 0.040150
4 0.303821 0.554958 0.081612 0.053749
4 0.368924 0.562275 0.076402 0.051536
4 0.431443 0.568073 0.071690 0.049283
4 0.492241 0.573404 0.073144 0.049581
4 0.552531 0.577588 0.073983 0.049640
2 0.264249 0.467245 0.052225 0.046056
2 0.286268 0.468627 0.054810 0.049455
3 0.346484 0.474048 0.055119 0.049142
3 0.404866 0.479686 0.055327 0.047442
2 0.503062 0.489854 0.054888 0.045835
2 0.305365 0.470814 0.053460 0.046681
2 0.325605 0.472541 0.055702 0.048848
2 0.367038 0.476935 0.055225 0.047411
2 0.386447 0.477952 0.052044 0.043718
2 0.425979 0.482005 0.053911 0.046219
2 0.446048 0.484360 0.050963 0.045115
2 0.464189 0.485482 0.052742 0.044066
2 0.484063 0.488246 0.051650 0.044468
3 0.576871 0.496325 0.045115 0.039805
