4 0.442879 0.523470 0.039604 0.029115
4 0.484695 0.507185 0.032644 0.028636
4 0.526491 0.491136 0.028873 0.026164
4 0.566531 0.474935 0.028615 0.025114
4 0.605941 0.459775 0.029209 0.025244
8 0.631573 0.504268 0.069390 0.053866
8 0.586487 0.522213 0.073417 0.055488
5 0.512365 0.544636 0.043963 0.022983
5 0.522385 0.561337 0.042971 0.023763
1 0.404455 0.458394 0.079345 0.049651
2 0.587309 0.391472 0.031207 0.032168
2 0.437926 0.445843 0.038700 0.039451
2 0.452373 0.441117 0.034807 0.037196
2 0.464942 0.437202 0.034740 0.036479
2 0.477622 0.431897 0.035488 0.036960
2 0.490094 0.427118 0.034282 0.036577
2 0.503399 0.423468 0.033355 0.035359
2 0.515643 0.417944 0.034365 0.036062
2 0.527755 0.413814 0.033610 0.035403
2 0.540468 0.408797 0.035399 0.035885
2 0.552784 0.404729 0.033738 0.034895
2 0.563676 0.399829 0.034246 0.034101
2 0.576402 0.395495 0.034205 0.035152
9 0.398119 0.396510 0.019281 0.014466
9 0.427741 0.385935 0.019209 0.013782
9 0.456689 0.376271 0.019284 0.014162
9 0.485096 0.367007 0.018576 0.014203
9 0.512313 0.357158 0.016198 0.013618
