8 0.344457 0.616224 0.119787 0.089283
8 0.423637 0.640318 0.115122 0.086882
5 0.540234 0.658175 0.079453 0.039470
5 0.527093 0.683737 0.078077 0.040465
4 0.631637 0.607594 0.077993 0.055808
4 0.569314 0.593742 0.072222 0.053402
4 0.510564 0.579320 0.067071 0.050953
4 0.453990 0.565081 0.067905 0.051032
4 0.398868 0.549974 0.068151 0.050883
2 0.717361 0.533493 0.049303 0.048863
2 0.696749 0.527797 0.051463 0.052460
3 0.639662 0.513900 0.051299 0.051910
3 0.584437 0.500886 0.051184 0.049843
2 0.491918 0.479847 0.050110 0.047811
2 0.678331 0.523841 0.050174 0.049380
2 0.659203 0.519076 0.052090 0.051621
2 0.619664 0.510198 0.051392 0.049926
2 0.601786 0.505028 0.048374 0.045932
2 0.564385 0.496475 0.049705 0.048497
2 0.545278 0.492439 0.046697 0.047358
2 0.528621 0.487810 0.048445 0.046073
2 0.509533 0.484253 0.047161 0.046510
3 0.423638 0.463033 0.040485 0.041456
