2 0.340387 0.331006 0.077102 0.109211
3 0.416645 0.330603 0.078716 0.112280
2 0.491561 0.327155 0.074971 0.109097
3 0.564442 0.326324 0.072840 0.108702
2 0.640775 0.323507 0.077935 0.108634
3 0.721163 0.322171 0.069755 0.108207
2 0.796232 0.318584 0.082855 0.114941
2 0.875078 0.318372 0.080408 0.116844
1 0.248806 0.666109 0.279266 0.100270
2 0.631602 0.667753 0.080420 0.100243
2 0.702969 0.668089 0.073063 0.099478
2 0.774943 0.666329 0.078540 0.100814
3 0.850768 0.663689 0.074885 0.098851
2 0.921558 0.663765 0.078580 0.100756
