4 0.435741 0.507968 0.036686 0.026825
4 0.482387 0.502981 0.029474 0.026969
4 0.528910 0.498211 0.025932 0.024729
4 0.573842 0.492862 0.025834 0.023653
4 0.617721 0.488339 0.026435 0.023734
8 0.622275 0.536687 0.063806 0.049989
8 0.571811 0.542430 0.067757 0.051316
5 0.491971 0.545189 0.042261 0.019999
5 0.494056 0.563437 0.041094 0.020908
1 0.428200 0.437022 0.074927 0.044652
2 0.630280 0.419261 0.027388 0.030801
2 0.465323 0.433487 0.034036 0.037735
2 0.481042 0.432613 0.030330 0.035734
2 0.494630 0.432039 0.030378 0.034989
2 0.508937 0.430181 0.031082 0.035423
2 0.522814 0.428766 0.029882 0.035134
2 0.536980 0.428625 0.029112 0.033944
2 0.550971 0.426452 0.030054 0.034587
2 0.564223 0.425561 0.029372 0.033967
2 0.578434 0.423982 0.031165 0.034306
2 0.591851 0.423201 0.029589 0.033423
2 0.604292 0.421280 0.030252 0.032544
2 0.618213 0.420349 0.030036 0.033648
9 0.449530 0.377053 0.017812 0.013365
9 0.482149 0.374427 0.017849 0.012655
9 0.513730 0.372493 0.017865 0.013046
9 0.544624 0.370803 0.017117 0.013155
9 0.574653 0.368264 0.014723 0.012762
