2 0.706535 0.341461 0.085397 0.121545
3 0.623390 0.341250 0.087416 0.124390
2 0.542207 0.337657 0.083518 0.120312
3 0.464122 0.336974 0.081440 0.119360
2 0.382893 0.334146 0.087052 0.118716
3 0.298278 0.332948 0.078647 0.117710
2 0.219764 0.329346 0.092878 0.124436
2 0.138344 0.329403 0.090663 0.125927
1 0.836046 0.716553 0.309154 0.116373
2 0.420767 0.711175 0.089302 0.110929
2 0.345520 0.710209 0.081637 0.109538
2 0.270088 0.706955 0.087569 0.110608
3 0.191254 0.702716 0.083784 0.107958
2 0.118472 0.701520 0.087825 0.109621
