2 0.627578 0.315338 0.074676 0.107269
3 0.550405 0.316886 0.076007 0.109769
2 0.475301 0.315372 0.072271 0.106117
3 0.402970 0.316384 0.070127 0.105267
2 0.327883 0.315559 0.075074 0.104624
3 0.249593 0.316252 0.067060 0.103750
2 0.177172 0.314709 0.079615 0.109573
2 0.101825 0.316453 0.077209 0.110894
1 0.736969 0.654182 0.291182 0.106063
2 0.341085 0.657849 0.079725 0.102844
2 0.269533 0.658508 0.072258 0.101595
2 0.198004 0.657036 0.077592 0.102490
3 0.123355 0.654706 0.073864 0.099986
2 0.054284 0.655105 0.077381 0.101480
