2 0.355327 0.329813 0.076766 0.104546
3 0.429247 0.330794 0.078038 0.106893
2 0.501304 0.328807 0.074042 0.103281
3 0.570469 0.329303 0.071717 0.102387
2 0.642260 0.327984 0.076170 0.101658
3 0.716925 0.328130 0.068241 0.100778
2 0.786002 0.326119 0.080200 0.106311
2 0.857573 0.327304 0.077704 0.107526
1 0.235105 0.659497 0.281848 0.101276
2 0.610553 0.658925 0.079709 0.098185
2 0.678108 0.658838 0.072378 0.096934
2 0.745660 0.656722 0.077220 0.097717
3 0.816121 0.653757 0.073382 0.095274
2 0.881067 0.653454 0.076528 0.096625
