4 0.473239 0.515783 0.033818 0.026471
4 0.518506 0.504373 0.026459 0.026878
4 0.563672 0.493203 0.023121 0.024676
4 0.607152 0.481669 0.023130 0.023553
4 0.649717 0.471117 0.023700 0.023604
8 0.662537 0.519310 0.058253 0.049536
8 0.613593 0.532019 0.062123 0.050792
5 0.535094 0.545720 0.040335 0.019207
5 0.540239 0.563909 0.039054 0.020214
1 0.453970 0.445302 0.070217 0.043389
2 0.650257 0.399906 0.023701 0.030777
2 0.490011 0.436682 0.029690 0.037742
2 0.505370 0.433661 0.026179 0.035807
2 0.518676 0.431230 0.026309 0.035032
2 0.532472 0.427413 0.026952 0.035449
2 0.545920 0.424099 0.025762 0.035190
2 0.559865 0.422027 0.025121 0.033987
2 0.573294 0.417936 0.025979 0.034610
2 0.586210 0.415234 0.025357 0.033991
2 0.599952 0.411712 0.027114 0.034271
2 0.613047 0.409099 0.025621 0.033413
2 0.624983 0.405474 0.026394 0.032476
2 0.638547 0.402644 0.026020 0.033621
9 0.465052 0.382156 0.016320 0.013117
9 0.496738 0.375086 0.016435 0.012381
9 0.527511 0.368852 0.016391 0.012780
9 0.557643 0.362957 0.015611 0.012917
9 0.586776 0.356329 0.013234 0.012597
