8 0.742659 0.675790 0.134845 0.098378
8 0.655600 0.703318 0.128806 0.095267
5 0.527453 0.724641 0.087432 0.043557
5 0.542890 0.751916 0.085935 0.044499
4 0.425004 0.671663 0.085674 0.061054
4 0.492860 0.655529 0.079878 0.058542
4 0.557084 0.638764 0.074672 0.055977
4 0.619220 0.622162 0.076045 0.056220
4 0.680001 0.604561 0.076764 0.056208
2 0.327543 0.593068 0.054083 0.053300
2 0.349853 0.586455 0.056609 0.057262
3 0.411917 0.570138 0.056807 0.056820
3 0.472249 0.554752 0.057015 0.054723
2 0.573957 0.529657 0.056399 0.052728
2 0.369866 0.581776 0.055288 0.053968
2 0.390660 0.576189 0.057534 0.056464
2 0.433777 0.565679 0.057009 0.054722
2 0.453261 0.559654 0.053756 0.050404
2 0.494232 0.549492 0.055499 0.053292
2 0.515217 0.544656 0.052292 0.052061
2 0.533498 0.539217 0.054293 0.050729
2 0.554544 0.534890 0.053006 0.051230
3 0.649448 0.509600 0.046006 0.045831
