8 0.643827 0.640730 0.110422 0.079915
8 0.562501 0.657893 0.105266 0.077550
5 0.445641 0.666123 0.074894 0.032841
5 0.455291 0.691614 0.073336 0.033862
4 0.362605 0.610562 0.070393 0.049414
4 0.425203 0.601907 0.065367 0.047589
4 0.484671 0.592389 0.060904 0.045660
4 0.542264 0.582841 0.062151 0.045762
4 0.598803 0.572293 0.062828 0.045685
2 0.287795 0.532686 0.042032 0.045036
2 0.308571 0.528678 0.043755 0.048520
3 0.366057 0.519377 0.044013 0.048088
3 0.421868 0.510758 0.044550 0.046102
2 0.515830 0.496975 0.044297 0.044287
2 0.327021 0.526196 0.043053 0.045552
2 0.346299 0.522973 0.044752 0.047687
2 0.386113 0.517244 0.044544 0.046101
2 0.404294 0.513524 0.042197 0.042350
2 0.442152 0.507925 0.043361 0.044899
2 0.461489 0.505384 0.040554 0.044038
2 0.478515 0.502083 0.042648 0.042605
2 0.497829 0.499999 0.041359 0.043193
3 0.585784 0.485476 0.035675 0.038770
