8 0.582894 0.666059 0.120136 0.087632
8 0.498429 0.664700 0.114746 0.084868
5 0.383444 0.647028 0.078052 0.038679
5 0.382769 0.673522 0.076702 0.039529
4 0.325604 0.575729 0.076339 0.054376
4 0.388849 0.581133 0.071163 0.052149
4 0.449434 0.585027 0.066515 0.049871
4 0.508237 0.588483 0.067744 0.050084
4 0.566419 0.590752 0.068389 0.050069
2 0.284306 0.484880 0.048077 0.047560
2 0.305737 0.485588 0.050310 0.051102
3 0.364342 0.489257 0.050492 0.050705
3 0.421079 0.493212 0.050694 0.048823
2 0.516318 0.500567 0.050157 0.047037
2 0.324351 0.487247 0.049152 0.048154
2 0.344044 0.488378 0.051146 0.050383
2 0.384356 0.491601 0.050689 0.048822
2 0.403193 0.492016 0.047805 0.044965
2 0.441584 0.494936 0.049346 0.047547
2 0.461068 0.496732 0.046481 0.046457
2 0.478639 0.497296 0.048285 0.045254
2 0.497924 0.499524 0.047127 0.045709
3 0.587704 0.504858 0.040893 0.040898
