4 0.564894 0.504165 0.038789 0.028473
4 0.517870 0.501936 0.031746 0.028179
4 0.470992 0.499917 0.028038 0.025772
4 0.425639 0.497226 0.027827 0.024713
4 0.381422 0.495298 0.028423 0.024828
8 0.381937 0.543764 0.067823 0.052785
8 0.432846 0.546522 0.071832 0.054322
5 0.512728 0.544578 0.043514 0.022127
5 0.512557 0.562892 0.042469 0.022946
1 0.564996 0.432994 0.078136 0.048231
2 0.361680 0.427170 0.030114 0.031804
2 0.527617 0.431652 0.037365 0.038993
2 0.511856 0.431706 0.033523 0.036810
2 0.498249 0.431932 0.033490 0.036084
2 0.483792 0.430921 0.034226 0.036552
2 0.469809 0.430327 0.033020 0.036196
2 0.455673 0.431019 0.032139 0.034985
2 0.441497 0.429675 0.033130 0.035671
2 0.428193 0.429566 0.032396 0.035022
2 0.413861 0.428828 0.034188 0.035463
2 0.400404 0.428838 0.032550 0.034503
2 0.387800 0.427655 0.033105 0.033683
2 0.373824 0.427546 0.033012 0.034751
9 0.537462 0.374464 0.018870 0.014158
9 0.504669 0.373764 0.018830 0.013466
9 0.472983 0.373693 0.018888 0.013849
9 0.442008 0.373825 0.018167 0.013910
9 0.411805 0.373059 0.015781 0.013381
