2 0.665349 0.316119 0.077556 0.107652
3 0.588733 0.316203 0.078984 0.110215
2 0.514106 0.313259 0.075045 0.106613
3 0.442082 0.312897 0.072775 0.105809
2 0.367289 0.310638 0.077577 0.105234
3 0.289169 0.309838 0.069441 0.104400
2 0.216886 0.306898 0.082008 0.110341
2 0.141518 0.307209 0.079511 0.111720
1 0.761447 0.654789 0.289249 0.105674
2 0.371487 0.651896 0.081476 0.101914
2 0.300703 0.651373 0.073962 0.100699
2 0.229922 0.648742 0.079170 0.101666
3 0.155981 0.645211 0.075325 0.099239
2 0.087438 0.644466 0.078752 0.100781
