4 0.439751 0.518557 0.036686 0.026826
4 0.483724 0.505863 0.029475 0.026969
4 0.527642 0.493402 0.025933 0.024729
4 0.569836 0.480643 0.025835 0.023654
4 0.611251 0.468867 0.026436 0.023734
8 0.630123 0.515222 0.063808 0.049990
8 0.582655 0.529293 0.067758 0.051317
5 0.505666 0.545390 0.042261 0.019999
5 0.513146 0.562824 0.041094 0.020908
1 0.411221 0.450679 0.074928 0.044654
2 0.602868 0.399433 0.027389 0.030802
2 0.446347 0.440999 0.034037 0.037736
2 0.461405 0.437508 0.030331 0.035735
2 0.474477 0.434666 0.030379 0.034989
2 0.487866 0.430453 0.031083 0.035424
2 0.500969 0.426744 0.029883 0.035134
2 0.514732 0.424227 0.029113 0.033945
2 0.527720 0.419759 0.030055 0.034587
2 0.540370 0.416665 0.029373 0.033967
2 0.553748 0.412741 0.031166 0.034307
2 0.566591 0.409726 0.029590 0.033423
2 0.578142 0.405765 0.030253 0.032544
2 0.591432 0.402520 0.030037 0.033649
9 0.414106 0.388650 0.017813 0.013366
9 0.445113 0.380613 0.017850 0.012656
9 0.475316 0.373425 0.017865 0.013046
9 0.504920 0.366589 0.017117 0.013155
9 0.533429 0.359072 0.014723 0.012763
