4 0.441168 0.534827 0.038701 0.030946
4 0.480023 0.518726 0.032225 0.030211
4 0.519059 0.502790 0.028609 0.027626
4 0.556591 0.486610 0.028372 0.026624
4 0.593740 0.471414 0.029002 0.026844
8 0.620369 0.517018 0.068527 0.057540
8 0.577892 0.534872 0.072241 0.059212
5 0.508195 0.556873 0.042554 0.025089
5 0.518535 0.573840 0.041649 0.025817
1 0.401353 0.468670 0.077159 0.053386
2 0.572691 0.401287 0.031324 0.034044
2 0.432425 0.456123 0.038559 0.041397
2 0.445915 0.451402 0.034796 0.038988
2 0.457679 0.447488 0.034712 0.038290
2 0.469494 0.442153 0.035464 0.038840
2 0.481154 0.437345 0.034325 0.038429
2 0.493683 0.433690 0.033402 0.037187
2 0.505122 0.428106 0.034415 0.037972
2 0.516520 0.423940 0.033684 0.037299
2 0.528467 0.418864 0.035425 0.037896
2 0.540095 0.414751 0.033816 0.036847
2 0.550331 0.409772 0.034278 0.036089
2 0.562371 0.405376 0.034311 0.037182
9 0.391992 0.405673 0.018937 0.015420
9 0.419585 0.394992 0.018863 0.014751
9 0.446673 0.385205 0.018986 0.015161
9 0.473349 0.375796 0.018348 0.015197
9 0.498938 0.365752 0.016090 0.014525
