4 0.435041 0.503550 0.039106 0.028722
4 0.482099 0.501766 0.032093 0.028357
4 0.529007 0.500192 0.028361 0.025925
4 0.574402 0.497931 0.028132 0.024870
4 0.618647 0.496422 0.028727 0.024990
8 0.617316 0.544879 0.068431 0.053205
8 0.566365 0.547154 0.072447 0.054775
5 0.486522 0.544454 0.043691 0.022457
5 0.486385 0.562768 0.042667 0.023261
1 0.436138 0.432384 0.078608 0.048780
2 0.639535 0.428487 0.030536 0.031948
2 0.473537 0.431396 0.037881 0.039173
2 0.489296 0.431599 0.034018 0.036963
2 0.502898 0.431954 0.033972 0.036239
2 0.517370 0.431080 0.034713 0.036712
2 0.531362 0.430619 0.033507 0.036346
2 0.545486 0.431445 0.032608 0.035133
2 0.559683 0.430235 0.033607 0.035825
2 0.572988 0.430252 0.032864 0.035172
2 0.587331 0.429650 0.034655 0.035629
2 0.600787 0.429788 0.033008 0.034658
2 0.613410 0.428724 0.033546 0.033847
2 0.627386 0.428747 0.033472 0.034909
9 0.464656 0.374119 0.019030 0.014278
9 0.497458 0.373730 0.018978 0.013588
9 0.529143 0.373959 0.019042 0.013970
9 0.560113 0.374384 0.018325 0.014024
9 0.590326 0.373905 0.015943 0.013474
