2 0.671082 0.279236 0.082092 0.114568
3 0.589480 0.279443 0.083601 0.117297
2 0.509982 0.276420 0.079423 0.113465
3 0.433269 0.276144 0.077008 0.112612
2 0.353597 0.273852 0.082126 0.111992
3 0.270388 0.273120 0.073464 0.111116
2 0.193387 0.270098 0.086822 0.117425
2 0.113115 0.270544 0.084155 0.118899
1 0.775068 0.639855 0.307594 0.112138
2 0.359712 0.637368 0.086296 0.108450
2 0.284319 0.636919 0.078298 0.107166
2 0.208919 0.634225 0.083840 0.108188
3 0.130148 0.630576 0.079756 0.105608
2 0.057141 0.629887 0.083399 0.107246
