4 0.553652 0.522027 0.033158 0.027071
4 0.511476 0.509701 0.026276 0.027315
4 0.469381 0.497614 0.023022 0.025050
4 0.428889 0.485202 0.022966 0.023933
4 0.389212 0.473785 0.023501 0.023996
8 0.374961 0.521375 0.057294 0.050580
8 0.420563 0.535080 0.061034 0.051916
5 0.494011 0.550413 0.038887 0.019998
5 0.488354 0.568380 0.037745 0.020977
1 0.574875 0.452501 0.068178 0.044655
2 0.391910 0.403115 0.023875 0.031097
2 0.541298 0.443153 0.029890 0.038150
2 0.526960 0.439815 0.026491 0.036150
2 0.514530 0.437110 0.026568 0.035383
2 0.501698 0.433017 0.027192 0.035812
2 0.489172 0.429432 0.026060 0.035527
2 0.476123 0.427066 0.025393 0.034319
2 0.463649 0.422710 0.026229 0.034956
2 0.451596 0.419744 0.025609 0.034327
2 0.438801 0.415945 0.027270 0.034644
2 0.426575 0.413062 0.025822 0.033759
2 0.415485 0.409201 0.026495 0.032845
2 0.402826 0.406091 0.026204 0.033973
9 0.567175 0.389658 0.016006 0.013381
9 0.537650 0.381945 0.016072 0.012653
9 0.508945 0.375080 0.016052 0.013048
9 0.480826 0.368564 0.015328 0.013167
9 0.453678 0.361345 0.013083 0.012796
