8 0.573848 0.676700 0.125859 0.091483
8 0.482382 0.678696 0.120119 0.088669
5 0.356712 0.664305 0.083226 0.039256
5 0.357916 0.692981 0.081665 0.040257
4 0.288944 0.589580 0.080081 0.056685
4 0.357750 0.592829 0.074534 0.054456
4 0.423570 0.594554 0.069576 0.052146
4 0.487429 0.595877 0.070918 0.052325
4 0.550532 0.595944 0.071633 0.052281
2 0.237642 0.493038 0.049371 0.050418
2 0.260875 0.492924 0.051559 0.054233
3 0.324536 0.494487 0.051791 0.053786
3 0.386198 0.496435 0.052165 0.051697
2 0.489756 0.500481 0.051714 0.049747
2 0.281131 0.493954 0.050513 0.051027
2 0.302516 0.494369 0.052540 0.053400
2 0.346357 0.496200 0.052159 0.051696
2 0.366764 0.495876 0.049278 0.047561
2 0.408504 0.497458 0.050776 0.050347
2 0.429712 0.498600 0.047694 0.049270
2 0.448759 0.498489 0.049785 0.047859
2 0.469783 0.500108 0.048468 0.048414
3 0.567287 0.502191 0.041959 0.043375
