8 0.354966 0.579900 0.117302 0.085402
8 0.436884 0.600706 0.111265 0.083187
5 0.556138 0.613721 0.077934 0.036560
5 0.545234 0.639547 0.076641 0.037785
4 0.642469 0.560639 0.074339 0.052501
4 0.579376 0.549363 0.068689 0.050342
4 0.519611 0.537371 0.063650 0.048100
4 0.461709 0.525458 0.064849 0.048128
4 0.405209 0.512617 0.065774 0.047940
2 0.719468 0.485873 0.045462 0.045989
2 0.698751 0.481086 0.047302 0.049431
3 0.641459 0.469592 0.047110 0.048891
3 0.585938 0.458855 0.047120 0.046855
2 0.492632 0.441545 0.046237 0.044901
2 0.680332 0.477882 0.046248 0.046455
2 0.661126 0.473932 0.047961 0.048577
2 0.621463 0.466676 0.047366 0.046938
2 0.603396 0.462272 0.044660 0.043127
2 0.565772 0.455251 0.045731 0.045596
2 0.546553 0.451974 0.042770 0.044610
2 0.529689 0.448047 0.044653 0.043258
2 0.510499 0.445227 0.043288 0.043753
3 0.423396 0.427473 0.037575 0.039057
