8 0.718489 0.792078 0.141648 0.102122
8 0.608889 0.811256 0.134923 0.099186
5 0.452712 0.816954 0.097806 0.040621
5 0.463518 0.851297 0.095634 0.042060
4 0.346646 0.739316 0.090423 0.063048
4 0.430644 0.730614 0.083830 0.060831
4 0.510545 0.720624 0.077998 0.058447
4 0.587953 0.710510 0.079663 0.058528
4 0.664038 0.699019 0.080577 0.058393
2 0.253310 0.632362 0.052732 0.058472
2 0.281278 0.627964 0.054760 0.063066
3 0.358525 0.618174 0.055142 0.062474
3 0.433487 0.609215 0.056023 0.059786
2 0.559634 0.595102 0.055831 0.057365
2 0.306031 0.625491 0.054059 0.059118
2 0.331944 0.622070 0.056166 0.061903
2 0.385386 0.616237 0.056015 0.059786
2 0.409879 0.612106 0.053171 0.054863
2 0.460709 0.606358 0.054526 0.058228
2 0.486644 0.603846 0.050831 0.057202
2 0.509568 0.600220 0.053756 0.055184
2 0.535437 0.598316 0.051978 0.056032
3 0.653648 0.582947 0.044712 0.050361
