2 0.290182 0.331081 0.103396 0.112172
3 0.366053 0.325084 0.105446 0.114810
2 0.439195 0.316246 0.100663 0.110950
3 0.510407 0.310172 0.098225 0.109978
2 0.583886 0.302000 0.102810 0.109793
3 0.661024 0.295008 0.094589 0.108326
2 0.731846 0.286361 0.108456 0.115174
2 0.806538 0.280687 0.106343 0.116334
1 0.279994 0.673990 0.311370 0.127037
2 0.665328 0.640177 0.105817 0.106834
2 0.735273 0.634041 0.098112 0.105040
2 0.804685 0.625820 0.103483 0.106406
3 0.877001 0.616455 0.099087 0.103710
2 0.944671 0.610278 0.102849 0.105501
