8 0.648222 0.649899 0.126025 0.084263
8 0.566484 0.672204 0.119788 0.081362
5 0.448685 0.688280 0.080457 0.036442
5 0.459806 0.712222 0.079101 0.037231
4 0.361961 0.640343 0.078797 0.051996
4 0.424537 0.627605 0.073768 0.050017
4 0.484095 0.614211 0.069232 0.047966
4 0.541936 0.600877 0.070747 0.048259
4 0.598823 0.586606 0.071660 0.048341
2 0.282251 0.570315 0.049751 0.045982
2 0.302898 0.564952 0.052163 0.049469
3 0.360240 0.551825 0.052545 0.049176
3 0.416095 0.539444 0.052908 0.047410
2 0.510525 0.519231 0.052646 0.045805
2 0.321311 0.561233 0.050989 0.046615
2 0.340537 0.556728 0.053133 0.048810
2 0.380348 0.548317 0.052774 0.047345
2 0.398489 0.543401 0.049810 0.043617
2 0.436449 0.535228 0.051572 0.046203
2 0.455879 0.531360 0.048680 0.045203
2 0.472949 0.526915 0.050555 0.044011
2 0.492418 0.523486 0.049443 0.044508
3 0.581046 0.502915 0.043193 0.039972
