2 0.347895 0.304515 0.070890 0.102931
3 0.421153 0.304192 0.072294 0.105368
2 0.492341 0.300972 0.069141 0.101862
3 0.560968 0.300237 0.067490 0.101067
2 0.632253 0.297683 0.072576 0.100501
3 0.706637 0.296499 0.065364 0.099640
2 0.775490 0.293337 0.077790 0.105299
2 0.847214 0.293232 0.075958 0.106588
1 0.242183 0.635679 0.280529 0.107391
2 0.623760 0.630446 0.078168 0.102284
2 0.692832 0.629498 0.071332 0.101005
2 0.761915 0.626455 0.076880 0.101950
3 0.834020 0.622482 0.073618 0.099441
2 0.900849 0.621339 0.077427 0.100977
