8 0.387537 0.676567 0.124132 0.091193
8 0.474153 0.675509 0.118283 0.088201
5 0.592748 0.657683 0.080278 0.039958
5 0.591662 0.685105 0.078870 0.040874
4 0.656445 0.584177 0.078370 0.056290
4 0.591662 0.589413 0.073176 0.054059
4 0.529564 0.593109 0.068505 0.051762
4 0.469195 0.596369 0.069885 0.052028
4 0.409425 0.598406 0.070665 0.052060
2 0.704603 0.490371 0.049294 0.049330
2 0.682758 0.490949 0.051609 0.053034
3 0.622827 0.494327 0.051872 0.052669
3 0.564669 0.498022 0.052161 0.050744
2 0.466758 0.504985 0.051738 0.048955
2 0.663702 0.492532 0.050448 0.049975
2 0.643570 0.493563 0.052520 0.052307
2 0.602260 0.496614 0.052107 0.050712
2 0.583011 0.496909 0.049170 0.046710
2 0.543605 0.499665 0.050800 0.049435
2 0.523567 0.501390 0.047867 0.048333
2 0.505555 0.501852 0.049759 0.047068
2 0.485667 0.504030 0.048583 0.047572
3 0.393253 0.508944 0.042246 0.042640
