8 0.634504 0.660512 0.110977 0.073640
8 0.546284 0.672493 0.104913 0.071167
5 0.422487 0.673461 0.076116 0.028053
5 0.430137 0.699092 0.074357 0.029042
4 0.341087 0.613844 0.069433 0.045045
4 0.407205 0.609005 0.064650 0.043694
4 0.470557 0.603096 0.060405 0.042191
4 0.532342 0.597004 0.062025 0.042379
4 0.593498 0.589816 0.063063 0.042424
2 0.270534 0.533019 0.039918 0.042590
2 0.292435 0.530204 0.041464 0.046032
3 0.353134 0.524160 0.041944 0.045748
3 0.412390 0.518666 0.042873 0.043879
2 0.512894 0.510067 0.043078 0.042311
2 0.311830 0.528768 0.041055 0.043153
2 0.332193 0.526636 0.042703 0.045248
2 0.374297 0.523146 0.042754 0.043777
2 0.393688 0.520457 0.040684 0.040193
2 0.433986 0.516960 0.041787 0.042787
2 0.454600 0.515489 0.038934 0.042125
2 0.472895 0.513131 0.041364 0.040611
2 0.493521 0.512106 0.039981 0.041321
3 0.588509 0.502375 0.034551 0.037376
