4 0.644049 0.504840 0.047832 0.035056
4 0.589623 0.486962 0.038854 0.034918
4 0.535249 0.469380 0.034263 0.031969
4 0.483068 0.451496 0.034057 0.030624
4 0.431795 0.434884 0.034812 0.030751
8 0.404486 0.492470 0.083455 0.065127
8 0.463209 0.512233 0.088483 0.066954
5 0.558967 0.535814 0.054248 0.026792
5 0.548214 0.557455 0.052864 0.027873
1 0.685167 0.420556 0.096900 0.058964
2 0.447652 0.347775 0.036553 0.039603
2 0.641657 0.406854 0.045384 0.048540
2 0.622954 0.401810 0.040607 0.045882
2 0.606703 0.397669 0.040609 0.044955
2 0.590159 0.391787 0.041521 0.045528
2 0.573935 0.386552 0.040002 0.045114
2 0.556789 0.382792 0.038948 0.043597
2 0.540769 0.376606 0.040174 0.044439
2 0.525069 0.372166 0.039275 0.043636
2 0.508515 0.366648 0.041537 0.044139
2 0.492567 0.362299 0.039503 0.042968
2 0.478317 0.356813 0.040261 0.041901
2 0.461823 0.352155 0.040078 0.043269
9 0.686265 0.342292 0.023251 0.017446
9 0.647817 0.330837 0.023242 0.016562
9 0.610319 0.320486 0.023292 0.017050
9 0.573546 0.310605 0.022367 0.017153
9 0.538206 0.299911 0.019353 0.016558
