4 0.448370 0.525572 0.039226 0.028785
4 0.491826 0.510371 0.032035 0.028540
4 0.535248 0.495410 0.028281 0.026110
4 0.576893 0.480236 0.028080 0.025030
4 0.617838 0.466102 0.028688 0.025143
8 0.641328 0.512179 0.068544 0.053396
8 0.594452 0.528962 0.072618 0.054935
5 0.517795 0.549354 0.044141 0.022264
5 0.527017 0.566663 0.043062 0.023110
1 0.413064 0.458148 0.079143 0.048663
2 0.602841 0.396040 0.030317 0.032257
2 0.447819 0.446473 0.037624 0.039545
2 0.462781 0.442137 0.033730 0.037345
2 0.475787 0.438564 0.033706 0.036603
2 0.488985 0.433582 0.034452 0.037075
2 0.501941 0.429127 0.033225 0.036721
2 0.515679 0.425849 0.032341 0.035491
2 0.528447 0.420629 0.033344 0.036183
2 0.541000 0.416823 0.032603 0.035527
2 0.554216 0.412135 0.034428 0.035963
2 0.566973 0.408399 0.032768 0.034996
2 0.578330 0.403769 0.033347 0.034153
2 0.591519 0.399776 0.033236 0.035245
9 0.410197 0.395013 0.019078 0.014317
9 0.440926 0.385222 0.019047 0.013609
9 0.470916 0.376336 0.019100 0.014001
9 0.500333 0.367839 0.018363 0.014069
9 0.528574 0.358708 0.015934 0.013548
