4 0.535097 0.499551 0.035251 0.026060
4 0.488505 0.488984 0.027680 0.026583
4 0.442155 0.478685 0.024150 0.024388
4 0.397617 0.468011 0.024057 0.023215
4 0.354165 0.458334 0.024566 0.023216
8 0.343584 0.507136 0.060095 0.048640
8 0.393564 0.518923 0.064273 0.049921
5 0.473703 0.531119 0.041539 0.018586
5 0.469372 0.549610 0.040262 0.019655
1 0.551238 0.427848 0.072871 0.042225
2 0.350230 0.386749 0.024743 0.030343
2 0.514114 0.419968 0.031315 0.037411
2 0.498363 0.417277 0.027656 0.035521
2 0.484738 0.415138 0.027740 0.034720
2 0.470560 0.411614 0.028379 0.035107
2 0.456770 0.408592 0.027138 0.034857
2 0.442548 0.406834 0.026429 0.033644
2 0.428764 0.403034 0.027291 0.034233
2 0.415575 0.400622 0.026619 0.033610
2 0.401523 0.397407 0.028378 0.033832
2 0.388178 0.395093 0.026821 0.032990
2 0.375964 0.391735 0.027552 0.032014
2 0.362156 0.389218 0.027182 0.033158
9 0.536777 0.364302 0.017003 0.012831
9 0.504234 0.357964 0.017063 0.012070
9 0.472716 0.352457 0.016997 0.012459
9 0.441921 0.347285 0.016179 0.012603
9 0.412152 0.341360 0.013736 0.012328
