2 0.730750 0.314878 0.113145 0.110284
3 0.662145 0.304504 0.115504 0.113124
2 0.596082 0.291514 0.110517 0.109450
3 0.531074 0.281235 0.108171 0.108627
2 0.463877 0.268741 0.112413 0.108978
3 0.392454 0.257092 0.105379 0.107315
2 0.327013 0.244200 0.120344 0.114843
2 0.257258 0.233854 0.120125 0.116063
1 0.692526 0.654191 0.309744 0.146487
2 0.327948 0.600004 0.120154 0.113236
2 0.260716 0.590090 0.113893 0.111076
2 0.193978 0.578046 0.120631 0.112867
3 0.124339 0.564566 0.117255 0.109946
2 0.068969 0.554532 0.101221 0.111951
