4 0.438567 0.518751 0.039043 0.027595
4 0.487645 0.513859 0.031430 0.027545
4 0.536423 0.509202 0.027646 0.025197
4 0.583411 0.503975 0.027484 0.024088
4 0.629144 0.499586 0.028076 0.024146
8 0.632382 0.547748 0.067372 0.050892
8 0.579894 0.553405 0.071607 0.052378
5 0.496649 0.556085 0.044496 0.020826
5 0.498384 0.574274 0.043261 0.021692
1 0.432093 0.447283 0.079872 0.046354
2 0.644333 0.430458 0.029372 0.031318
2 0.471365 0.443889 0.036593 0.038586
2 0.487919 0.443089 0.032650 0.036485
2 0.502211 0.442581 0.032674 0.035719
2 0.517274 0.440782 0.033415 0.036153
2 0.531863 0.439430 0.032147 0.035825
2 0.546705 0.439364 0.031302 0.034598
2 0.561406 0.437250 0.032297 0.035245
2 0.575285 0.436425 0.031562 0.034595
2 0.590171 0.434915 0.033431 0.034953
2 0.604192 0.434203 0.031757 0.034023
2 0.617217 0.432341 0.032414 0.033142
2 0.631744 0.431483 0.032214 0.034228
9 0.455993 0.386647 0.019063 0.013818
9 0.490479 0.384224 0.019062 0.013085
9 0.523779 0.382500 0.019066 0.013465
9 0.556275 0.381021 0.018264 0.013548
9 0.587820 0.378680 0.015736 0.013100
