8 0.367307 0.646754 0.105099 0.075727
8 0.449824 0.660348 0.100084 0.073569
5 0.567124 0.663477 0.072963 0.029815
5 0.559463 0.689345 0.071311 0.030913
4 0.645720 0.604395 0.067120 0.046730
4 0.582558 0.598479 0.062194 0.045112
4 0.522453 0.591566 0.057843 0.043363
4 0.464219 0.584541 0.059093 0.043412
4 0.406959 0.576473 0.059782 0.043303
2 0.714377 0.523392 0.038857 0.043568
2 0.693326 0.520297 0.040320 0.047007
3 0.635217 0.513514 0.040615 0.046559
3 0.578833 0.507338 0.041313 0.044532
2 0.483963 0.497670 0.041200 0.042713
2 0.674714 0.518622 0.039846 0.044044
2 0.655220 0.516244 0.041392 0.046123
2 0.615030 0.512257 0.041307 0.044532
2 0.596592 0.509335 0.039234 0.040852
2 0.558364 0.505393 0.040208 0.043372
2 0.538863 0.503698 0.037445 0.042628
2 0.521610 0.501144 0.039669 0.041089
2 0.502167 0.499904 0.038322 0.041740
3 0.413237 0.489235 0.032937 0.037530
