2 0.632689 0.307927 0.088854 0.109860
3 0.556453 0.312213 0.090552 0.112461
2 0.481671 0.313375 0.086241 0.108739
3 0.409928 0.316965 0.083893 0.107861
2 0.335100 0.318818 0.088613 0.107453
3 0.257213 0.322307 0.080421 0.106344
2 0.184765 0.323345 0.093578 0.112689
2 0.109810 0.327787 0.091239 0.113978
1 0.787031 0.639713 0.299468 0.115116
2 0.398427 0.658220 0.092139 0.104280
2 0.327889 0.661581 0.084524 0.102812
2 0.256990 0.662845 0.089814 0.103953
3 0.182788 0.663386 0.085723 0.101405
2 0.114444 0.666404 0.089303 0.103057
