4 0.549829 0.534094 0.034665 0.025182
4 0.502313 0.524824 0.026981 0.025986
4 0.454890 0.515791 0.023578 0.023926
4 0.409205 0.506296 0.023647 0.022792
4 0.364481 0.497751 0.024272 0.022824
8 0.352198 0.547405 0.059757 0.047338
8 0.403549 0.557793 0.063741 0.048391
5 0.485783 0.567679 0.041684 0.017426
5 0.480768 0.586387 0.040298 0.018498
1 0.568742 0.461308 0.072428 0.040665
2 0.362289 0.425128 0.024149 0.030245
2 0.530858 0.454379 0.030098 0.037011
2 0.514720 0.452091 0.026482 0.035220
2 0.500741 0.450300 0.026653 0.034424
2 0.486219 0.447116 0.027331 0.034822
2 0.472071 0.444430 0.026103 0.034623
2 0.457427 0.443037 0.025476 0.033428
2 0.443280 0.439555 0.026374 0.034026
2 0.429698 0.437466 0.025749 0.033428
2 0.415232 0.434581 0.027599 0.033628
2 0.401462 0.432591 0.026066 0.032831
2 0.388882 0.429507 0.026912 0.031837
2 0.374613 0.427318 0.026505 0.033030
9 0.556044 0.397343 0.016777 0.012589
9 0.522681 0.391753 0.016930 0.011831
9 0.490285 0.386971 0.016884 0.012245
9 0.458562 0.382501 0.016071 0.012428
9 0.427867 0.377228 0.013591 0.012227
