4 0.435463 0.495290 0.037320 0.027028
4 0.482028 0.491156 0.030272 0.027001
4 0.528360 0.487240 0.026775 0.024699
4 0.573012 0.482738 0.026721 0.023602
4 0.616518 0.479042 0.027408 0.023656
8 0.621391 0.526923 0.066183 0.050550
8 0.571050 0.531804 0.069979 0.052027
5 0.491110 0.533168 0.042929 0.020573
5 0.493002 0.551443 0.041905 0.021547
1 0.429346 0.425726 0.075175 0.044485
2 0.628498 0.412073 0.028528 0.030065
2 0.466031 0.422936 0.034835 0.037026
2 0.481553 0.422362 0.031174 0.035016
2 0.494968 0.422042 0.031241 0.034288
2 0.509096 0.420495 0.031996 0.034700
2 0.522786 0.419370 0.030852 0.034383
2 0.536743 0.419480 0.030095 0.033218
2 0.550534 0.417626 0.031091 0.033831
2 0.563580 0.416996 0.030436 0.033211
2 0.577566 0.415722 0.032255 0.033553
2 0.590758 0.415202 0.030710 0.032665
2 0.602982 0.413565 0.031348 0.031813
2 0.616657 0.412915 0.031240 0.032859
9 0.451301 0.368320 0.017850 0.013043
9 0.483308 0.366401 0.017894 0.012357
9 0.514249 0.365127 0.017958 0.012719
9 0.544480 0.364073 0.017268 0.012800
9 0.573832 0.362197 0.014952 0.012373
