4 0.645053 0.628736 0.046183 0.033555
4 0.581749 0.616383 0.035946 0.034627
4 0.518570 0.604346 0.031412 0.031882
4 0.457705 0.591695 0.031503 0.030371
4 0.398121 0.580308 0.032336 0.030413
8 0.381758 0.646473 0.079612 0.063079
8 0.450171 0.660315 0.084919 0.064482
5 0.559727 0.673488 0.055534 0.023221
5 0.553045 0.698417 0.053688 0.024648
1 0.670249 0.531746 0.096493 0.054187
2 0.395202 0.483536 0.032173 0.040303
2 0.619778 0.522513 0.040098 0.049318
2 0.598279 0.519464 0.035281 0.046931
2 0.579654 0.517077 0.035509 0.045870
2 0.560307 0.512836 0.036412 0.046401
2 0.541459 0.509257 0.034776 0.046135
2 0.521949 0.507400 0.033940 0.044544
2 0.503102 0.502760 0.035137 0.045340
2 0.485007 0.499976 0.034304 0.044544
2 0.465734 0.496132 0.036769 0.044809
2 0.447390 0.493480 0.034727 0.043749
2 0.430630 0.489370 0.035854 0.042424
2 0.411621 0.486453 0.035311 0.044014
9 0.653332 0.446512 0.022351 0.016775
9 0.608885 0.439063 0.022555 0.015765
9 0.565724 0.432690 0.022494 0.016317
9 0.523462 0.426734 0.021411 0.016561
9 0.482568 0.419708 0.018107 0.016293
