8 0.410428 0.628791 0.103600 0.076401
8 0.493248 0.643358 0.098179 0.073947
5 0.609027 0.647991 0.071345 0.030245
5 0.603282 0.673366 0.069789 0.031282
4 0.681728 0.591143 0.065016 0.046653
4 0.619707 0.584390 0.060447 0.045114
4 0.560326 0.576673 0.056393 0.043440
4 0.502515 0.568839 0.057813 0.043610
4 0.445352 0.559959 0.058685 0.043617
2 0.742599 0.513357 0.037293 0.042957
2 0.722028 0.509967 0.038720 0.046354
3 0.665200 0.502295 0.039109 0.046026
3 0.609852 0.495216 0.039913 0.044163
2 0.516249 0.483946 0.040005 0.042544
2 0.703887 0.507997 0.038316 0.043501
2 0.684816 0.505324 0.039835 0.045582
2 0.645475 0.500694 0.039840 0.044102
2 0.627312 0.497499 0.037888 0.040511
2 0.589722 0.492929 0.038883 0.043045
2 0.570528 0.490902 0.036216 0.042299
2 0.553448 0.488073 0.038449 0.040868
2 0.534288 0.486487 0.037152 0.041508
3 0.445957 0.474289 0.032037 0.037418
