4 0.546809 0.462879 0.041465 0.030362
4 0.494858 0.458264 0.033510 0.030375
4 0.443052 0.453888 0.029518 0.027829
4 0.392990 0.448837 0.029372 0.026640
4 0.344127 0.444684 0.030038 0.026741
8 0.340770 0.498448 0.072239 0.056488
8 0.396986 0.503826 0.076648 0.058033
5 0.485703 0.505312 0.047373 0.022938
5 0.484029 0.525611 0.046118 0.023918
1 0.552688 0.383967 0.084323 0.050821
2 0.327760 0.368242 0.031344 0.034564
2 0.511358 0.380775 0.038933 0.042355
2 0.493880 0.380116 0.034769 0.040070
2 0.478777 0.379747 0.034796 0.039248
2 0.462832 0.377967 0.035589 0.039742
2 0.447378 0.376671 0.034254 0.039398
2 0.431650 0.376794 0.033360 0.038069
2 0.416043 0.374658 0.034424 0.038797
2 0.401302 0.373930 0.033649 0.038099
2 0.385474 0.372459 0.035641 0.038511
2 0.370554 0.371857 0.033868 0.037503
2 0.356677 0.369970 0.034569 0.036546
2 0.341192 0.369212 0.034370 0.037761
9 0.526906 0.317812 0.020145 0.015118
9 0.490607 0.315541 0.020160 0.014335
9 0.455485 0.314018 0.020192 0.014767
9 0.421134 0.312752 0.019369 0.014872
9 0.387713 0.310527 0.016713 0.014390
