8 0.334979 0.626976 0.120119 0.087619
8 0.413024 0.651236 0.114730 0.084856
5 0.527765 0.669780 0.078047 0.038668
5 0.514161 0.694236 0.076697 0.039519
4 0.618984 0.621980 0.076330 0.054368
4 0.558192 0.607830 0.071153 0.052142
4 0.500643 0.593100 0.066506 0.049864
4 0.444962 0.578507 0.067735 0.050076
4 0.390485 0.563016 0.068380 0.050062
2 0.705556 0.551290 0.048066 0.047556
2 0.685559 0.545467 0.050299 0.051098
3 0.629945 0.531129 0.050480 0.050701
3 0.575886 0.517617 0.050684 0.048819
2 0.484759 0.495592 0.050147 0.047033
2 0.667630 0.541365 0.049141 0.048150
2 0.648996 0.536454 0.051135 0.050378
2 0.610366 0.527231 0.050678 0.048818
2 0.592900 0.521923 0.047796 0.044961
2 0.556191 0.513003 0.049336 0.047543
2 0.537391 0.508764 0.046470 0.046454
2 0.521005 0.503975 0.048275 0.045250
2 0.502156 0.500191 0.047117 0.045705
3 0.417111 0.477964 0.040884 0.040894
