8 0.373312 0.649709 0.102172 0.073433
8 0.456341 0.661417 0.097238 0.071387
5 0.573714 0.661872 0.071854 0.028191
5 0.567104 0.687903 0.070156 0.029328
4 0.649881 0.601027 0.065317 0.045263
4 0.586508 0.596553 0.060450 0.043755
4 0.526151 0.591012 0.056164 0.042103
4 0.467659 0.585317 0.057414 0.042123
4 0.410099 0.578557 0.058108 0.041999
2 0.715225 0.518498 0.037143 0.042742
2 0.694059 0.515883 0.038469 0.046152
3 0.635702 0.510427 0.038782 0.045697
3 0.579094 0.505539 0.039563 0.043651
2 0.483876 0.498036 0.039524 0.041832
2 0.675388 0.514633 0.038114 0.043196
2 0.655806 0.512700 0.039578 0.045242
2 0.615473 0.509631 0.039557 0.043651
2 0.596925 0.507130 0.037631 0.040013
2 0.558555 0.504061 0.038504 0.042514
2 0.538995 0.502811 0.035767 0.041832
2 0.521646 0.500651 0.038057 0.040241
2 0.502162 0.499855 0.036682 0.040923
3 0.412841 0.491216 0.031460 0.036830
