2 0.689906 0.298200 0.078690 0.113572
3 0.608513 0.299136 0.080118 0.116282
2 0.529127 0.296833 0.076057 0.112496
3 0.452597 0.297244 0.073671 0.111666
2 0.373058 0.295671 0.078796 0.111002
3 0.290036 0.295684 0.070177 0.110206
2 0.213141 0.293360 0.083329 0.116381
2 0.133081 0.294522 0.080626 0.117875
1 0.803825 0.656886 0.303813 0.109130
2 0.389433 0.658121 0.083058 0.107431
2 0.314215 0.658347 0.075112 0.106222
2 0.238926 0.656335 0.080614 0.107192
3 0.160248 0.653400 0.076612 0.104654
2 0.087403 0.653366 0.080201 0.106256
