2 0.413517 0.295054 0.136087 0.126771
3 0.495434 0.309186 0.138977 0.129209
2 0.576492 0.319778 0.133108 0.124347
3 0.652950 0.332503 0.130382 0.122690
2 0.733035 0.343695 0.135319 0.122427
3 0.815352 0.356952 0.126372 0.119801
2 0.892443 0.366833 0.142790 0.127568
2 0.949991 0.380585 0.100018 0.128106
1 0.152216 0.625546 0.304431 0.150342
2 0.537362 0.688293 0.134068 0.113478
2 0.610839 0.699460 0.125715 0.110800
2 0.685153 0.708469 0.131684 0.112163
3 0.762852 0.717096 0.126609 0.108867
2 0.833158 0.727511 0.130965 0.110520
