4 0.564215 0.359343 0.048894 0.036737
4 0.507219 0.359112 0.040588 0.035913
4 0.450337 0.359129 0.035957 0.032799
4 0.395142 0.358240 0.035656 0.031539
4 0.341342 0.358227 0.036466 0.031740
8 0.346867 0.417877 0.086376 0.068147
8 0.408956 0.418508 0.091076 0.070221
5 0.505560 0.411769 0.053813 0.029562
5 0.507313 0.434319 0.052707 0.030490
1 0.556635 0.272282 0.097211 0.062935
2 0.310496 0.275681 0.039253 0.040094
2 0.511474 0.272575 0.048334 0.049059
2 0.492482 0.273455 0.043572 0.046200
2 0.476097 0.274434 0.043450 0.045344
2 0.458549 0.273947 0.044368 0.045963
2 0.441599 0.273944 0.042928 0.045463
2 0.424592 0.275522 0.041772 0.043970
2 0.407321 0.274612 0.043045 0.044866
2 0.391230 0.275167 0.042143 0.044051
2 0.373823 0.275007 0.044343 0.044714
2 0.357546 0.275716 0.042340 0.043463
2 0.342173 0.274920 0.042932 0.042531
2 0.325240 0.275512 0.042984 0.043809
9 0.517215 0.202350 0.023730 0.018146
9 0.477683 0.203152 0.023609 0.017332
9 0.439507 0.204665 0.023731 0.017800
9 0.402169 0.206391 0.022925 0.017830
9 0.365638 0.206985 0.020097 0.017037
