2 0.263490 0.342634 0.119106 0.113911
3 0.338061 0.332743 0.121538 0.116569
2 0.409451 0.320164 0.116257 0.112582
3 0.479370 0.310437 0.113737 0.111511
2 0.551204 0.298503 0.118130 0.111582
3 0.626875 0.287556 0.109942 0.109718
2 0.695986 0.275287 0.124506 0.117083
2 0.769436 0.265778 0.122666 0.118088
1 0.309331 0.684620 0.322426 0.139579
2 0.687516 0.631044 0.120524 0.108889
2 0.756163 0.621321 0.112778 0.106738
2 0.823940 0.609548 0.118197 0.108348
3 0.894422 0.596488 0.113491 0.105507
2 0.951041 0.586841 0.097918 0.107441
