2 0.291922 0.262830 0.088986 0.128408
3 0.383965 0.263888 0.090601 0.131471
2 0.473738 0.261284 0.086008 0.127192
3 0.560281 0.261749 0.083311 0.126253
2 0.650227 0.259970 0.089106 0.125503
3 0.744112 0.259986 0.079359 0.124602
2 0.831068 0.257357 0.094232 0.131584
2 0.921603 0.258671 0.091175 0.133273
1 0.167440 0.668371 0.334880 0.123386
2 0.631709 0.669767 0.093926 0.121464
2 0.716769 0.670023 0.084940 0.120097
2 0.801909 0.667748 0.091162 0.121194
3 0.890881 0.664430 0.086636 0.118326
2 0.963955 0.664392 0.072090 0.120136
