8 0.528975 0.820555 0.162800 0.116170
8 0.416256 0.851203 0.155767 0.112776
5 0.253397 0.873632 0.108341 0.050923
5 0.267174 0.906464 0.106191 0.052106
4 0.136188 0.807892 0.104745 0.072651
4 0.224026 0.790255 0.097287 0.069616
4 0.307217 0.771824 0.090646 0.066515
4 0.387559 0.753587 0.092225 0.066674
4 0.466219 0.734170 0.092988 0.066540
2 0.030866 0.710908 0.061732 0.064319
2 0.058661 0.703550 0.067652 0.069117
3 0.139726 0.685622 0.067868 0.068471
3 0.218226 0.668813 0.068269 0.065779
2 0.349931 0.641586 0.067514 0.063188
2 0.084711 0.698466 0.066258 0.065048
2 0.111894 0.692314 0.068884 0.068036
2 0.167972 0.680869 0.068320 0.065832
2 0.193530 0.674171 0.064520 0.060571
2 0.246710 0.663115 0.066417 0.064029
2 0.273839 0.657902 0.062357 0.062586
2 0.297694 0.651894 0.065060 0.060846
2 0.324750 0.647304 0.063310 0.061481
3 0.447601 0.619738 0.054699 0.054938
