8 0.750047 0.782306 0.139175 0.100028
8 0.636948 0.798255 0.132454 0.097241
5 0.477067 0.798874 0.097877 0.038401
5 0.486071 0.834333 0.095564 0.039949
4 0.373315 0.715994 0.088972 0.061656
4 0.459640 0.709899 0.082343 0.059601
4 0.541856 0.702351 0.076504 0.057351
4 0.621531 0.694594 0.078207 0.057378
4 0.699937 0.685386 0.079153 0.057209
2 0.284306 0.603576 0.050595 0.058222
2 0.313138 0.600014 0.052401 0.062867
3 0.392629 0.592582 0.052827 0.062247
3 0.469739 0.585923 0.053891 0.059460
2 0.599441 0.575703 0.053838 0.056982
2 0.338571 0.598311 0.051917 0.058840
2 0.365244 0.595678 0.053912 0.061627
2 0.420185 0.591497 0.053883 0.059460
2 0.445450 0.588091 0.051260 0.054504
2 0.497716 0.583910 0.052449 0.057911
2 0.524360 0.582207 0.048720 0.056982
2 0.547992 0.579265 0.051840 0.054815
2 0.574532 0.578181 0.049967 0.055744
3 0.696202 0.566413 0.042854 0.050168
