8 0.644256 0.638242 0.126989 0.093193
8 0.564817 0.664584 0.120609 0.089999
5 0.449004 0.685224 0.080110 0.041323
5 0.462256 0.710533 0.078840 0.042189
4 0.358418 0.636501 0.078996 0.057427
4 0.419439 0.620986 0.074080 0.055146
4 0.477452 0.604839 0.069630 0.052820
4 0.533811 0.588791 0.071185 0.053183
4 0.589180 0.571754 0.072144 0.053302
2 0.272865 0.563931 0.050320 0.049972
2 0.292866 0.557562 0.052828 0.053722
3 0.348603 0.541766 0.053236 0.053457
3 0.402973 0.526802 0.053567 0.051640
2 0.495059 0.502245 0.053326 0.049988
2 0.310803 0.553023 0.051584 0.050692
2 0.329481 0.547616 0.053778 0.053082
2 0.368258 0.537396 0.053404 0.051549
2 0.385835 0.531579 0.050375 0.047538
2 0.422825 0.521662 0.052230 0.050336
2 0.441793 0.516923 0.049381 0.049196
2 0.458368 0.511637 0.051178 0.048012
2 0.477426 0.507363 0.050128 0.048508
3 0.563795 0.482578 0.043897 0.043561
