2 0.320781 0.330381 0.088431 0.119924
3 0.405575 0.332047 0.090148 0.123093
2 0.488534 0.330291 0.085769 0.119391
3 0.569052 0.331371 0.083273 0.118783
2 0.653063 0.330383 0.088732 0.118435
3 0.741294 0.331096 0.079599 0.117831
2 0.823340 0.329275 0.093981 0.124837
2 0.909350 0.331193 0.091214 0.126727
1 0.225798 0.699934 0.315976 0.117181
2 0.652749 0.709334 0.091760 0.112516
2 0.731536 0.711101 0.083473 0.111369
2 0.810686 0.710566 0.089395 0.112765
3 0.893790 0.709136 0.085166 0.110345
2 0.963326 0.710602 0.073349 0.112342
