8 0.569152 0.626881 0.122253 0.086780
8 0.481247 0.628871 0.116092 0.083998
5 0.360822 0.615568 0.079776 0.037396
5 0.361710 0.642348 0.078392 0.038373
4 0.296971 0.546258 0.076706 0.053288
4 0.362450 0.549099 0.071416 0.051224
4 0.425292 0.550540 0.066798 0.049081
4 0.486320 0.551616 0.068326 0.049310
4 0.546734 0.551527 0.069258 0.049319
2 0.249541 0.457380 0.047324 0.046809
2 0.271527 0.457194 0.049425 0.050348
3 0.331826 0.458396 0.049593 0.049989
3 0.390359 0.459962 0.049931 0.048123
2 0.488894 0.463313 0.049774 0.046404
2 0.290697 0.458063 0.048383 0.047412
2 0.310952 0.458368 0.050314 0.049629
2 0.352511 0.459890 0.049908 0.048096
2 0.371887 0.459515 0.047128 0.044276
2 0.411571 0.460821 0.048632 0.046884
2 0.431736 0.461797 0.045752 0.045874
2 0.449860 0.461624 0.047784 0.044613
2 0.469866 0.463040 0.046608 0.045125
3 0.562838 0.464609 0.040642 0.040470
