4 0.678050 0.478743 0.049092 0.032846
4 0.621265 0.477422 0.040755 0.032363
4 0.564530 0.476331 0.036192 0.029602
4 0.509544 0.474442 0.035945 0.028437
4 0.455807 0.473383 0.036784 0.028609
8 0.454852 0.528264 0.087245 0.061258
8 0.516766 0.530033 0.091947 0.063032
5 0.613865 0.525672 0.054394 0.026015
5 0.613155 0.546376 0.053241 0.026951
1 0.679948 0.398778 0.097868 0.055622
2 0.433935 0.396966 0.039497 0.036316
2 0.634940 0.398125 0.048392 0.044368
2 0.615904 0.398552 0.043636 0.041858
2 0.599450 0.399124 0.043571 0.041061
2 0.581991 0.398328 0.044543 0.041613
2 0.565085 0.397987 0.043105 0.041199
2 0.547944 0.399096 0.041974 0.039842
2 0.530802 0.397917 0.043274 0.040642
2 0.514671 0.398106 0.042369 0.039913
2 0.497300 0.397613 0.044613 0.040462
2 0.480960 0.397939 0.042588 0.039362
2 0.465683 0.396901 0.043214 0.038467
2 0.448694 0.397107 0.043249 0.039672
9 0.648359 0.333769 0.023872 0.016161
9 0.608827 0.333703 0.023810 0.015402
9 0.570555 0.334317 0.023963 0.015842
9 0.533081 0.335143 0.023151 0.015906
9 0.496516 0.334947 0.020276 0.015273
