2 0.632609 0.302456 0.080343 0.107704
3 0.554900 0.300151 0.081246 0.110282
2 0.478915 0.294914 0.076641 0.106612
3 0.405725 0.292299 0.073796 0.105771
2 0.329569 0.287735 0.078120 0.105348
3 0.250048 0.284496 0.069271 0.104289
2 0.176362 0.279365 0.081412 0.110470
2 0.099611 0.277303 0.078254 0.111770
1 0.761381 0.645948 0.303569 0.117579
2 0.354677 0.631145 0.084474 0.107507
2 0.280738 0.628449 0.076109 0.106042
2 0.206671 0.623582 0.080998 0.107179
3 0.129212 0.617675 0.076461 0.104530
2 0.057510 0.614822 0.079501 0.106235
