2 0.340722 0.314431 0.074056 0.106900
3 0.417322 0.315312 0.075400 0.109450
2 0.492033 0.313144 0.071578 0.105887
3 0.564056 0.313531 0.069333 0.105106
2 0.638911 0.312050 0.074156 0.104481
3 0.717044 0.312063 0.066044 0.103731
2 0.789411 0.309875 0.078422 0.109544
2 0.864756 0.310969 0.075878 0.110950
1 0.233511 0.652044 0.285922 0.102719
2 0.623500 0.653206 0.078167 0.101119
2 0.694289 0.653419 0.070689 0.099981
2 0.765144 0.651525 0.075867 0.100894
3 0.839189 0.648763 0.072100 0.098506
2 0.907744 0.648731 0.075478 0.100013
